# Probe 0 (0 5 1)
# Probe 1 (0.1 5 1)
# Probe 2 (0.2 5 1)
# Probe 3 (0.3 5 1)
# Probe 4 (0.4 5 1)
# Probe 5 (0.5 5 1)
# Probe 6 (0.6 5 1)
# Probe 7 (0.7 5 1)
# Probe 8 (0.8 5 1)
# Time        0             1             2             3             4             5             6             7             8            
0             0             0             0             0             0             0             0             0             0            
0.005         0.026075      0.00168381    0.000110637   7.35908e-06   4.93633e-07   2.25511e-09   1.53082e-10   1.04088e-11   7.54721e-13  
0.01          0.0444581     0.00433153    0.000385374   3.25197e-05   2.64845e-06   1.63513e-08   1.25156e-09   9.45073e-11   7.53863e-12  
0.015         0.0588772     0.00761481    0.000851607   8.67606e-05   8.28511e-06   6.61913e-08   5.63914e-09   4.68738e-10   4.09504e-11  
0.02          0.0704172     0.0112937     0.0015176     0.000180794   1.97712e-05   1.97951e-07   1.85622e-08   1.68329e-09   1.59949e-10  
0.025         0.0797668     0.0152009     0.00238002    0.000324068   3.98795e-05   4.88074e-07   4.99167e-08   4.901e-09     5.03388e-10  
0.03          0.0876678     0.0192525     0.00342996    0.000524494   7.16412e-05   1.05051e-06   1.16294e-07   1.22838e-08   1.35653e-09  
0.035         0.0943635     0.02337       0.00465972    0.000788549   0.000118215   2.0427e-06    2.432e-07     2.7485e-08    3.24817e-09  
0.04          0.100029      0.0274787     0.00604997    0.00112155    0.000182782   3.66969e-06   4.67314e-07   5.62385e-08   7.0834e-09   
0.045         0.104795      0.0315284     0.00758193    0.00152646    0.000268467   6.18658e-06   8.38669e-07   1.07031e-07   1.43151e-08  
0.05          0.108876      0.0354803     0.00923608    0.00200429    0.000378242   9.8991e-06    1.42258e-06   1.91825e-07   2.71557e-08  
0.055         0.112417      0.0393003     0.010996      0.00255526    0.000514532   1.51639e-05   2.30139e-06   3.26837e-07   4.88291e-08  
0.06          0.115524      0.0429712     0.0128433     0.00317838    0.000679616   2.23888e-05   3.57589e-06   5.33291e-07   8.38591e-08  
0.065         0.118279      0.046494      0.0147605     0.00387166    0.000875417   3.20109e-05   5.36634e-06   8.38177e-07   1.38391e-07  
0.07          0.120745      0.0498705     0.0167302     0.00463256    0.00110351    4.45097e-05   7.81218e-06   1.27493e-06   2.20537e-07  
0.075         0.12298       0.0531078     0.0187396     0.00545831    0.00136514    6.03937e-05   1.10712e-05   1.88423e-06   3.40751e-07  
0.08          0.125013      0.0562099     0.0207772     0.00634515    0.0016612     8.01949e-05   1.53206e-05   2.71393e-06   5.12191e-07  
0.085         0.126871      0.0591801     0.0228329     0.00728872    0.00199222    0.000104461   2.07557e-05   3.82003e-06   7.51094e-07  
0.09          0.128578      0.0620222     0.0248973     0.00828367    0.00235845    0.000133748   2.75883e-05   5.26676e-06   1.07716e-06  
0.095         0.130157      0.0647411     0.0269625     0.0093259     0.00275995    0.000168616   3.60454e-05   7.12681e-06   1.51389e-06  
0.1           0.131623      0.0673423     0.0290215     0.010411      0.00319634    0.000209618   4.63674e-05   9.48139e-06   2.08897e-06  
0.105         0.132991      0.0698316     0.0310686     0.0115345     0.00366702    0.0002573     5.88059e-05   1.24201e-05   2.83452e-06  
0.11          0.134274      0.0722149     0.0330987     0.0126922     0.0041709     0.000312187   7.36218e-05   1.60408e-05   3.7874e-06   
0.115         0.135466      0.0745003     0.0351078     0.0138801     0.00470689    0.000374786   9.10829e-05   2.04492e-05   4.98941e-06  
0.12          0.13658       0.0766908     0.0370926     0.0150942     0.00527387    0.000445578   0.000111462   2.57587e-05   6.48753e-06  
0.125         0.137631      0.078789      0.0390501     0.0163308     0.00587062    0.000525012   0.000135034   3.20895e-05   8.33398e-06  
0.13          0.138624      0.080799      0.0409777     0.0175863     0.00649577    0.000613501   0.000162074   3.95684e-05   1.05864e-05  
0.135         0.139565      0.0827258     0.0428733     0.0188575     0.0071479     0.000711428   0.000192855   4.83281e-05   1.33077e-05  
0.14          0.140462      0.0845741     0.0447354     0.0201411     0.00782553    0.000819135   0.000227647   5.85063e-05   1.65663e-05  
0.145         0.14132       0.0863486     0.046563      0.0214343     0.00852715    0.000936916   0.000266713   7.02449e-05   2.04358e-05  
0.15          0.142144      0.0880541     0.0483552     0.0227344     0.00925121    0.00106503    0.000310307   8.36898e-05   2.49952e-05  
0.155         0.142935      0.0896948     0.0501117     0.024039      0.00999617    0.00120365    0.000358675   9.89893e-05   3.03282e-05  
0.16          0.143696      0.0912749     0.0518325     0.0253458     0.0107605     0.00135296    0.000412051   0.000116294   3.65234e-05  
0.165         0.14443       0.0927989     0.0535177     0.0266528     0.0115428     0.00151307    0.000470658   0.000135755   4.36741e-05  
0.17          0.145138      0.0942708     0.0551678     0.0279583     0.0123414     0.0016841     0.000534701   0.000157524   5.18775e-05  
0.175         0.145822      0.0956937     0.0567836     0.0292607     0.0131551     0.0018661     0.000604376   0.000181753   6.12351e-05  
0.18          0.146484      0.0970702     0.0583658     0.0305586     0.0139825     0.00205909    0.000679851   0.000208592   7.18514e-05  
0.185         0.147126      0.0984037     0.0599158     0.0318511     0.0148222     0.00226309    0.000761288   0.00023819    8.38344e-05  
0.19          0.147748      0.0996955     0.0614354     0.0331371     0.015673      0.00247804    0.000848833   0.00027069    9.72948e-05  
0.195         0.148352      0.100939      0.062927      0.034416      0.0165338     0.00270389    0.000942622   0.000306237   0.000112345  
0.2           0.148937      0.102139      0.0643891     0.035687      0.0174035     0.00294054    0.00104277    0.00034497    0.000129101  
0.205         0.149504      0.103299      0.0658206     0.0369491     0.0182811     0.00318789    0.00114939    0.000387024   0.000147678  
0.21          0.150054      0.104421      0.0672213     0.0382017     0.0191654     0.0034458     0.00126257    0.00043253    0.000168194  
0.215         0.150587      0.10551       0.0685918     0.039444      0.0200556     0.0037141     0.00138237    0.000481615   0.000190767  
0.22          0.151105      0.106566      0.069933      0.0406754     0.0209507     0.00399264    0.00150887    0.0005344     0.000215515  
0.225         0.151615      0.107591      0.0712458     0.0418953     0.0218499     0.00428121    0.0016421     0.000591003   0.000242556  
0.23          0.152116      0.108589      0.0725308     0.0431035     0.0227523     0.00457962    0.00178211    0.000651534   0.000272009  
0.235         0.152606      0.10956       0.0737878     0.0442997     0.0236572     0.00488765    0.00192891    0.000716093   0.00030399   
0.24          0.153086      0.110506      0.0750101     0.0454842     0.0245638     0.00520508    0.00208251    0.00078478    0.000338614  
0.245         0.153553      0.111428      0.0762046     0.0466566     0.0254716     0.00553165    0.00224292    0.000857688   0.000375994  
0.25          0.15401       0.112326      0.0773759     0.047817      0.0263799     0.00586715    0.0024101     0.000934903   0.000416243  
0.255         0.154455      0.113202      0.0785234     0.0489656     0.0272882     0.0062113     0.00258405    0.00101651    0.00045947   
0.26          0.15489       0.114057      0.0796475     0.050102      0.0281961     0.00656387    0.00276472    0.00110258    0.000505782  
0.265         0.155315      0.114891      0.0807487     0.0512263     0.0291031     0.00692459    0.00295208    0.00119318    0.000555284  
0.27          0.15573       0.115705      0.0818275     0.0523381     0.0300087     0.00729321    0.00314607    0.00128838    0.000608079  
0.275         0.156136      0.116501      0.0828847     0.0534374     0.0309124     0.00766946    0.00334664    0.00138824    0.000664265  
0.28          0.156533      0.117279      0.083921      0.0545238     0.031814      0.0080531     0.00355372    0.0014928     0.00072394   
0.285         0.156922      0.118041      0.084937      0.0555966     0.0327129     0.00844385    0.00376724    0.00160211    0.000787193  
0.29          0.157303      0.118788      0.0859337     0.0566556     0.0336088     0.00884145    0.00398712    0.00171622    0.000854113  
0.295         0.157676      0.11952       0.0869115     0.0577009     0.0345011     0.00924566    0.00421329    0.00183515    0.000924784  
0.3           0.158044      0.120237      0.087871      0.0587327     0.0353897     0.00965621    0.00444564    0.00195894    0.000999286  
0.305         0.158405      0.120939      0.0888126     0.05975       0.0362743     0.0100728     0.00468409    0.00208761    0.0010777    
0.31          0.158759      0.121627      0.0897368     0.0607503     0.037155      0.0104953     0.00492855    0.00222118    0.00116008   
0.315         0.159107      0.122301      0.0906439     0.0617373     0.0380313     0.0109234     0.00517891    0.00235966    0.00124652   
0.32          0.159449      0.122961      0.0915345     0.0627116     0.0389032     0.0113568     0.00543507    0.00250306    0.00133706   
0.325         0.159785      0.123607      0.092409      0.0636732     0.0397706     0.0117953     0.00569693    0.00265139    0.00143178   
0.33          0.160115      0.12424       0.0932678     0.0646223     0.0406332     0.0122386     0.00596437    0.00280464    0.00153072   
0.335         0.160439      0.124859      0.0941114     0.0655588     0.0414909     0.0126867     0.00623728    0.00296282    0.00163393   
0.34          0.160757      0.125464      0.09494       0.066483      0.0423435     0.0131391     0.00651556    0.00312591    0.00174146   
0.345         0.16107       0.126059      0.0957543     0.0673951     0.0431908     0.0135957     0.00679909    0.00329389    0.00185335   
0.35          0.161378      0.126649      0.0965549     0.0682951     0.0440327     0.0140563     0.00708776    0.00346676    0.00196965   
0.355         0.161681      0.127232      0.0973425     0.0691833     0.044869      0.0145207     0.00738144    0.0036445     0.00209037   
0.36          0.161979      0.127807      0.0981172     0.0700597     0.0456995     0.0149887     0.00768004    0.00382707    0.00221556   
0.365         0.162272      0.128373      0.0988795     0.0709245     0.0465241     0.01546       0.00798342    0.00401446    0.00234523   
0.37          0.16256       0.12893       0.09963       0.0717777     0.0473424     0.0159345     0.00829147    0.00420662    0.00247941   
0.375         0.162844      0.129479      0.10037       0.0726198     0.0481541     0.016412      0.00860407    0.00440354    0.00261812   
0.38          0.163123      0.130018      0.101099      0.0734508     0.048959      0.0168922     0.00892111    0.00460516    0.00276136   
0.385         0.163398      0.13055       0.101818      0.0742711     0.0497572     0.017375      0.00924246    0.00481146    0.00290915   
0.39          0.163669      0.131073      0.102527      0.0750808     0.0505469     0.0178602     0.009568      0.00502239    0.00306148   
0.395         0.163935      0.131589      0.103226      0.07588       0.0513293     0.0183476     0.00989762    0.0052379     0.00321837   
0.4           0.164198      0.132097      0.103918      0.0766689     0.052105      0.018837      0.0102312     0.00545794    0.0033798    
0.405         0.164457      0.132598      0.104604      0.0774481     0.0528739     0.0193283     0.0105686     0.00568247    0.00354578   
0.41          0.164712      0.133091      0.105281      0.0782175     0.053636      0.0198213     0.0109097     0.00591144    0.00371629   
0.415         0.164963      0.133578      0.105946      0.078977      0.0543913     0.0203159     0.0112545     0.00614478    0.00389132   
0.42          0.165211      0.134058      0.1066        0.0797267     0.0551398     0.0208119     0.0116027     0.00638244    0.00407085   
0.425         0.165455      0.134532      0.107242      0.0804666     0.0558816     0.0213092     0.0119543     0.00662436    0.00425486   
0.43          0.165696      0.135001      0.107873      0.0811969     0.0566165     0.0218076     0.0123091     0.00687049    0.00444333   
0.435         0.165934      0.135465      0.108495      0.0819176     0.0573447     0.0223069     0.0126671     0.00712075    0.00463623   
0.44          0.166168      0.135922      0.109107      0.0826288     0.0580661     0.0228071     0.0130281     0.00737509    0.00483353   
0.445         0.1664        0.136374      0.109711      0.0833296     0.0587807     0.0233079     0.0133921     0.00763344    0.00503521   
0.45          0.166628      0.136819      0.110306      0.084021      0.0594885     0.0238093     0.0137588     0.00789573    0.00524122   
0.455         0.166853      0.137258      0.110894      0.0847033     0.0601895     0.0243111     0.0141283     0.00816189    0.00545153   
0.46          0.167076      0.137692      0.111473      0.0853769     0.0608838     0.0248132     0.0145003     0.00843185    0.0056661    
0.465         0.167295      0.138119      0.112044      0.0860419     0.0615715     0.0253154     0.0148748     0.00870555    0.00588488   
0.47          0.167511      0.138541      0.112608      0.0866981     0.0622525     0.0258176     0.0152517     0.0089829     0.00610783   
0.475         0.167725      0.138957      0.113165      0.0873456     0.0629268     0.0263196     0.0156308     0.00926384    0.00633491   
0.48          0.167936      0.139367      0.113714      0.0879846     0.0635944     0.0268215     0.016012      0.00954828    0.00656605   
0.485         0.168144      0.139772      0.114256      0.088615      0.0642552     0.0273231     0.0163953     0.00983616    0.00680122   
0.49          0.168349      0.140171      0.114792      0.089237      0.0649093     0.0278242     0.0167806     0.0101274     0.00704035   
0.495         0.168551      0.140565      0.115321      0.0898507     0.0655566     0.0283248     0.0171676     0.0104219     0.00728339   
0.5           0.168751      0.140953      0.115843      0.0904564     0.0661972     0.0288248     0.0175564     0.0107196     0.00753028   
0.505         0.168949      0.141337      0.116359      0.0910542     0.066831      0.0293241     0.0179469     0.0110204     0.00778096   
0.51          0.169144      0.141716      0.116868      0.0916449     0.0674582     0.0298225     0.0183388     0.0113243     0.00803537   
0.515         0.169336      0.142089      0.11737       0.0922298     0.0680789     0.03032       0.0187322     0.0116311     0.00829344   
0.52          0.169526      0.142458      0.117867      0.0928108     0.0686934     0.0308165     0.019127      0.0119408     0.00855512   
0.525         0.169713      0.142822      0.118357      0.0933859     0.0693015     0.0313118     0.019523      0.0122533     0.00882033   
0.53          0.169899      0.143182      0.118841      0.0939535     0.0699034     0.0318059     0.0199201     0.0125685     0.009089     
0.535         0.170082      0.143537      0.119319      0.0945138     0.070499      0.0322987     0.0203183     0.0128863     0.00936103   
0.54          0.170262      0.143887      0.119791      0.0950671     0.0710883     0.03279       0.0207174     0.0132067     0.00963636   
0.545         0.170441      0.144233      0.120257      0.0956136     0.0716715     0.0332799     0.0211174     0.0135296     0.00991493   
0.55          0.170618      0.144575      0.120718      0.0961534     0.0722484     0.0337683     0.0215182     0.0138548     0.0101967    
0.555         0.170792      0.144912      0.121172      0.0966868     0.0728193     0.0342549     0.0219196     0.0141823     0.0104815    
0.56          0.170964      0.145246      0.121621      0.0972136     0.0733841     0.0347397     0.0223216     0.0145121     0.0107693    
0.565         0.171135      0.145575      0.122064      0.0977341     0.0739429     0.0352223     0.0227242     0.0148439     0.0110601    
0.57          0.171303      0.1459        0.122501      0.0982482     0.0744957     0.0357028     0.0231271     0.0151778     0.0113537    
0.575         0.171471      0.146221      0.122933      0.0987563     0.0750424     0.0361813     0.0235303     0.0155137     0.0116502    
0.58          0.171637      0.146538      0.123359      0.0992587     0.0755827     0.0366577     0.0239339     0.0158515     0.0119493    
0.585         0.171801      0.146851      0.12378       0.0997553     0.076117      0.037132      0.0243375     0.016191      0.0122511    
0.59          0.171964      0.147161      0.124196      0.100246      0.0766454     0.0376041     0.0247413     0.0165323     0.0125555    
0.595         0.172125      0.147467      0.124606      0.100731      0.0771679     0.038074      0.0251451     0.0168752     0.0128624    
0.6           0.172284      0.147769      0.125011      0.10121       0.0776844     0.0385416     0.0255488     0.0172196     0.0131717    
0.605         0.172442      0.148067      0.125411      0.101683      0.078195      0.0390069     0.0259523     0.0175654     0.0134833    
0.61          0.172598      0.148362      0.125806      0.102151      0.0786998     0.0394699     0.0263556     0.0179126     0.0137972    
0.615         0.172753      0.148653      0.126197      0.102613      0.0791989     0.0399304     0.0267584     0.018261      0.0141132    
0.62          0.172905      0.148941      0.126582      0.10307       0.0796923     0.0403885     0.0271608     0.0186106     0.0144313    
0.625         0.173056      0.149225      0.126962      0.103522      0.0801802     0.0408442     0.0275626     0.0189613     0.0147515    
0.63          0.173206      0.149506      0.127337      0.103968      0.0806624     0.0412972     0.0279638     0.0193131     0.0150736    
0.635         0.173354      0.149783      0.127708      0.104408      0.0811391     0.0417478     0.0283644     0.0196658     0.0153976    
0.64          0.1735        0.150057      0.128074      0.104844      0.0816103     0.0421957     0.0287643     0.0200194     0.0157234    
0.645         0.173645      0.150326      0.128436      0.105274      0.0820761     0.042641      0.0291634     0.0203738     0.0160509    
0.65          0.17379       0.150592      0.128793      0.105699      0.0825366     0.0430836     0.0295617     0.020729      0.0163801    
0.655         0.173933      0.150854      0.129145      0.106119      0.0829917     0.0435236     0.0299592     0.0210849     0.0167109    
0.66          0.174074      0.151113      0.129493      0.106534      0.0834415     0.0439608     0.0303557     0.0214414     0.0170432    
0.665         0.174214      0.151369      0.129836      0.106943      0.0838877     0.0443952     0.0307513     0.0217984     0.017377     
0.67          0.174352      0.151621      0.130175      0.107348      0.0843289     0.044827      0.0311458     0.0221559     0.0177121    
0.675         0.174489      0.15187       0.13051       0.107748      0.0847651     0.0452559     0.0315394     0.0225138     0.0180485    
0.68          0.174624      0.152117      0.13084       0.108143      0.0851964     0.045682      0.0319317     0.0228721     0.0183861    
0.685         0.174758      0.15236       0.131167      0.108533      0.0856231     0.0461053     0.032323      0.0232306     0.0187248    
0.69          0.17489       0.1526        0.131489      0.108918      0.086045      0.0465258     0.032713      0.0235894     0.0190646    
0.695         0.175021      0.152837      0.131807      0.109299      0.0864623     0.0469435     0.0331018     0.0239483     0.0194054    
0.7           0.175151      0.153071      0.132121      0.109675      0.086875      0.0473583     0.0334893     0.0243073     0.0197471    
0.705         0.175278      0.153302      0.132431      0.110046      0.0872831     0.0477702     0.0338755     0.0246663     0.0200896    
0.71          0.175405      0.15353       0.132737      0.110413      0.0876865     0.0481793     0.0342603     0.0250253     0.020433     
0.715         0.17553       0.153756      0.133039      0.110775      0.0880853     0.0485854     0.0346438     0.0253842     0.020777     
0.72          0.175654      0.153978      0.133337      0.111133      0.0884796     0.0489887     0.0350257     0.0257429     0.0211217    
0.725         0.175776      0.154198      0.133632      0.111486      0.0888694     0.0493891     0.0354061     0.0261014     0.021467     
0.73          0.175897      0.154416      0.133922      0.111835      0.0892547     0.0497866     0.035785      0.0264597     0.0218128    
0.735         0.176017      0.15463       0.134209      0.112179      0.0896355     0.0501812     0.0361624     0.0268177     0.022159     
0.74          0.176135      0.154842      0.134493      0.11252       0.090012      0.0505728     0.0365383     0.0271753     0.0225056    
0.745         0.176252      0.155052      0.134772      0.112855      0.0903841     0.0509615     0.0369125     0.0275324     0.0228526    
0.75          0.176368      0.155259      0.135049      0.113187      0.0907518     0.0513473     0.0372851     0.0278891     0.0231998    
0.755         0.176482      0.155463      0.135321      0.113514      0.0911152     0.05173       0.037656      0.0282452     0.0235472    
0.76          0.176595      0.155665      0.13559       0.113838      0.0914744     0.0521099     0.0380252     0.0286008     0.0238948    
0.765         0.176707      0.155864      0.135856      0.114157      0.0918292     0.0524867     0.0383926     0.0289557     0.0242424    
0.77          0.176818      0.156061      0.136118      0.114472      0.0921799     0.0528608     0.0387582     0.0293099     0.0245901    
0.775         0.176927      0.156255      0.136377      0.114783      0.0925267     0.0532319     0.0391219     0.0296633     0.0249377    
0.78          0.177036      0.156447      0.136632      0.11509       0.0928695     0.0536001     0.0394839     0.030016      0.0252852    
0.785         0.177143      0.156637      0.136885      0.115394      0.0932083     0.0539654     0.0398441     0.0303679     0.0256326    
0.79          0.177248      0.156824      0.137133      0.115693      0.0935431     0.0543278     0.0402026     0.0307192     0.0259799    
0.795         0.177353      0.157009      0.137379      0.115988      0.0938741     0.0546872     0.0405593     0.0310697     0.0263269    
0.8           0.177457      0.157192      0.137622      0.11628       0.0942012     0.0550438     0.0409142     0.0314197     0.0266736    
0.805         0.177559      0.157372      0.137861      0.116568      0.0945246     0.0553975     0.041267      0.0317688     0.0270201    
0.81          0.17766       0.157551      0.138097      0.116853      0.0948443     0.0557485     0.0416179     0.0321171     0.0273662    
0.815         0.17776       0.157727      0.138331      0.117134      0.0951604     0.0560967     0.041967      0.0324644     0.0277119    
0.82          0.177859      0.157901      0.138561      0.117411      0.0954728     0.0564421     0.0423142     0.0328108     0.0280571    
0.825         0.177957      0.158072      0.138788      0.117685      0.0957815     0.0567844     0.0426594     0.0331562     0.0284019    
0.83          0.178054      0.158242      0.139013      0.117955      0.0960867     0.057124      0.0430027     0.0335005     0.0287461    
0.835         0.178149      0.158409      0.139234      0.118222      0.0963884     0.0574608     0.0433441     0.0338437     0.0290897    
0.84          0.178244      0.158575      0.139453      0.118485      0.0966865     0.057795      0.043684      0.034186      0.0294327    
0.845         0.178337      0.158738      0.139668      0.118745      0.0969812     0.0581266     0.0440221     0.0345271     0.0297751    
0.85          0.178429      0.1589        0.139881      0.119002      0.0972723     0.0584556     0.0443586     0.0348671     0.0301168    
0.855         0.178521      0.159059      0.140092      0.119256      0.0975601     0.0587825     0.0446936     0.0352059     0.0304577    
0.86          0.178611      0.159216      0.140299      0.119506      0.0978445     0.0591071     0.0450268     0.0355435     0.0307978    
0.865         0.1787        0.159372      0.140504      0.119753      0.0981256     0.0594292     0.0453582     0.0358798     0.0311371    
0.87          0.178788      0.159525      0.140706      0.119997      0.0984033     0.0597489     0.0456877     0.0362148     0.0314756    
0.875         0.178876      0.159677      0.140906      0.120238      0.0986778     0.0600661     0.0460153     0.0365485     0.0318132    
0.88          0.178962      0.159826      0.141103      0.120476      0.0989491     0.0603807     0.0463409     0.0368808     0.0321499    
0.885         0.179047      0.159974      0.141297      0.120711      0.0992171     0.0606928     0.0466646     0.0372118     0.0324856    
0.89          0.179131      0.16012       0.141489      0.120942      0.0994821     0.0610022     0.0469863     0.0375415     0.0328204    
0.895         0.179215      0.160265      0.141679      0.121171      0.0997438     0.0613091     0.047306      0.0378697     0.0331541    
0.9           0.179297      0.160407      0.141866      0.121397      0.100003      0.0616135     0.0476237     0.0381969     0.0334868    
0.905         0.179379      0.160548      0.14205       0.12162       0.100258      0.0619152     0.0479395     0.0385227     0.0338185    
0.91          0.179459      0.160687      0.142233      0.121841      0.100511      0.0622144     0.0482532     0.0388469     0.0341491    
0.915         0.179539      0.160824      0.142412      0.122058      0.10076       0.0625115     0.0485649     0.0391695     0.0344785    
0.92          0.179617      0.160959      0.14259       0.122273      0.101007      0.0628061     0.0488753     0.0394905     0.0348067    
0.925         0.179695      0.161093      0.142765      0.122485      0.10125       0.0630981     0.0491837     0.03981       0.0351338    
0.93          0.179772      0.161225      0.142938      0.122694      0.101491      0.0633875     0.0494899     0.0401279     0.0354596    
0.935         0.179848      0.161356      0.143109      0.122901      0.101729      0.0636744     0.0497939     0.0404441     0.0357842    
0.94          0.179923      0.161485      0.143278      0.123105      0.101964      0.0639587     0.0500958     0.0407588     0.0361076    
0.945         0.179997      0.161612      0.143444      0.123306      0.102196      0.0642404     0.0503955     0.0410718     0.0364297    
0.95          0.180071      0.161738      0.143609      0.123505      0.102426      0.0645196     0.050693      0.0413831     0.0367504    
0.955         0.180143      0.161862      0.143771      0.123701      0.102653      0.0647963     0.0509885     0.0416928     0.0370699    
0.96          0.180215      0.161984      0.143931      0.123895      0.102877      0.0650705     0.0512818     0.0420001     0.0373879    
0.965         0.180286      0.162106      0.144089      0.124087      0.103098      0.0653423     0.051573      0.0423057     0.0377044    
0.97          0.180356      0.162225      0.144245      0.124276      0.103317      0.0656116     0.0518621     0.0426099     0.0380198    
0.975         0.180425      0.162343      0.144399      0.124462      0.103533      0.0658785     0.0521492     0.0429125     0.0383337    
0.98          0.180494      0.16246       0.144552      0.124647      0.103747      0.0661429     0.0524342     0.0432136     0.0386462    
0.985         0.180561      0.162575      0.144702      0.124829      0.103958      0.066405      0.0527171     0.0435131     0.0389572    
0.99          0.180628      0.162689      0.14485       0.125008      0.104166      0.0666658     0.0529964     0.043811      0.0392669    
0.995         0.180694      0.162802      0.144996      0.125186      0.104373      0.066924      0.053274      0.0441074     0.0395751    
1             0.18076       0.162913      0.145141      0.125361      0.104576      0.0671797     0.0535498     0.0444021     0.0398818    
1.005         0.180824      0.163023      0.145284      0.125534      0.104778      0.0674329     0.0538238     0.0446953     0.0401871    
1.01          0.180888      0.163131      0.145425      0.125705      0.104977      0.0676836     0.0540959     0.0449869     0.0404909    
1.015         0.180951      0.163238      0.145564      0.125873      0.105173      0.067932      0.0543661     0.0452768     0.0407932    
1.02          0.181014      0.163344      0.145701      0.12604       0.105367      0.0681781     0.0546345     0.0455651     0.041094     
1.025         0.181076      0.163448      0.145837      0.126204      0.105559      0.0684218     0.054901      0.0458519     0.0413933    
1.03          0.181137      0.163551      0.145971      0.126367      0.105749      0.0686633     0.0551655     0.0461371     0.041691     
1.035         0.181197      0.163653      0.146103      0.126527      0.105937      0.0689025     0.0554282     0.0464206     0.0419872    
1.04          0.181257      0.163754      0.146234      0.126686      0.106122      0.0691395     0.0556889     0.0467024     0.0422819    
1.045         0.181316      0.163853      0.146362      0.126842      0.106305      0.0693742     0.0559477     0.0469825     0.042575     
1.05          0.181374      0.163952      0.14649       0.126997      0.106486      0.0696068     0.0562046     0.0472607     0.0428665    
1.055         0.181431      0.164049      0.146616      0.127149      0.106665      0.0698373     0.0564596     0.0475371     0.0431564    
1.06          0.181488      0.164144      0.14674       0.1273        0.106842      0.0700656     0.0567126     0.0478117     0.0434447    
1.065         0.181545      0.164239      0.146862      0.127449      0.107016      0.0702918     0.0569637     0.0480846     0.0437314    
1.07          0.1816        0.164333      0.146983      0.127596      0.107189      0.0705138     0.0572129     0.0483556     0.0440164    
1.075         0.181655      0.164425      0.147103      0.127741      0.10736       0.0707341     0.0574601     0.048625      0.0442999    
1.08          0.18171       0.164516      0.147221      0.127885      0.107528      0.0709527     0.0577054     0.0488925     0.0445817    
1.085         0.181764      0.164607      0.147338      0.128027      0.107695      0.0711696     0.0579489     0.0491584     0.0448619    
1.09          0.181817      0.164696      0.147453      0.128167      0.10786       0.0713846     0.0581904     0.0494224     0.0451404    
1.095         0.181869      0.164784      0.147567      0.128305      0.108023      0.0715979     0.0584302     0.0496848     0.0454173    
1.1           0.181921      0.164871      0.147679      0.128442      0.108184      0.0718093     0.058668      0.0499454     0.0456926    
1.105         0.181973      0.164957      0.14779       0.128577      0.108344      0.072019      0.0589041     0.0502042     0.0459662    
1.11          0.182023      0.165041      0.1479        0.12871       0.108501      0.0722268     0.0591383     0.0504614     0.0462381    
1.115         0.182074      0.165125      0.148008      0.128842      0.108657      0.0724328     0.0593707     0.0507167     0.0465084    
1.12          0.182123      0.165208      0.148115      0.128972      0.108812      0.072637      0.0596014     0.0509704     0.0467771    
1.125         0.182172      0.16529       0.14822       0.129101      0.108964      0.0728394     0.0598303     0.0512223     0.047044     
1.13          0.182221      0.165371      0.148325      0.129228      0.109115      0.07304       0.0600577     0.0514723     0.0473093    
1.135         0.182269      0.165451      0.148428      0.129354      0.109264      0.0732388     0.0602835     0.0517205     0.0475729    
1.14          0.182316      0.16553       0.14853       0.129478      0.109411      0.0734359     0.0605076     0.0519669     0.0478347    
1.145         0.182363      0.165608      0.14863       0.1296        0.109556      0.0736311     0.0607298     0.0522115     0.0480947    
1.15          0.182409      0.165685      0.14873       0.129722      0.1097        0.0738246     0.0609501     0.0524543     0.048353     
1.155         0.182455      0.165761      0.148828      0.129841      0.109842      0.0740163     0.0611684     0.0526953     0.0486096    
1.16          0.182501      0.165837      0.148925      0.12996       0.109983      0.0742063     0.0613847     0.0529346     0.0488645    
1.165         0.182545      0.165911      0.149021      0.130076      0.110122      0.0743944     0.061599      0.0531722     0.0491177    
1.17          0.18259       0.165985      0.149115      0.130192      0.110259      0.0745809     0.0618113     0.0534081     0.0493693    
1.175         0.182633      0.166057      0.149209      0.130306      0.110395      0.0747655     0.0620218     0.0536422     0.0496192    
1.18          0.182677      0.166129      0.149301      0.130419      0.11053       0.0749485     0.0622306     0.0538747     0.0498674    
1.185         0.18272       0.1662        0.149393      0.13053       0.110663      0.0751297     0.0624376     0.0541054     0.050114     
1.19          0.182762      0.16627       0.149483      0.13064       0.110794      0.0753093     0.0626429     0.0543345     0.0503589    
1.195         0.182804      0.16634       0.149572      0.130749      0.110924      0.0754872     0.0628466     0.054562      0.0506022    
1.2           0.182845      0.166408      0.14966       0.130857      0.111053      0.0756635     0.0630486     0.0547878     0.0508438    
1.205         0.182886      0.166476      0.149747      0.130963      0.11118       0.0758382     0.063249      0.055012      0.0510837    
1.21          0.182927      0.166543      0.149833      0.131068      0.111305      0.0760114     0.0634479     0.0552346     0.0513219    
1.215         0.182967      0.166609      0.149918      0.131172      0.11143       0.0761833     0.0636451     0.0554556     0.0515585    
1.22          0.183006      0.166675      0.150002      0.131275      0.111553      0.0763537     0.0638409     0.0556749     0.0517934    
1.225         0.183045      0.166739      0.150085      0.131376      0.111675      0.0765229     0.0640351     0.0558927     0.0520267    
1.23          0.183084      0.166803      0.150167      0.131477      0.111795      0.0766905     0.0642277     0.0561089     0.0522583    
1.235         0.183122      0.166866      0.150249      0.131576      0.111914      0.0768566     0.0644189     0.0563235     0.0524884    
1.24          0.18316       0.166929      0.150329      0.131674      0.112032      0.0770211     0.0646085     0.0565365     0.0527167    
1.245         0.183198      0.166991      0.150408      0.131771      0.112148      0.0771839     0.0647966     0.056748      0.0529435    
1.25          0.183235      0.167052      0.150486      0.131867      0.112263      0.0773451     0.0649831     0.0569578     0.0531686    
1.255         0.183271      0.167112      0.150564      0.131962      0.112378      0.0775049     0.0651682     0.0571661     0.0533921    
1.26          0.183308      0.167172      0.15064       0.132056      0.112491      0.0776629     0.0653517     0.0573728     0.053614     
1.265         0.183343      0.167231      0.150716      0.132148      0.112603      0.0778192     0.0655337     0.0575779     0.0538343    
1.27          0.183379      0.167289      0.150791      0.13224       0.112714      0.0779739     0.0657141     0.0577813     0.054053     
1.275         0.183414      0.167346      0.150865      0.132331      0.112823      0.0781272     0.065893      0.0579831     0.05427      
1.28          0.183449      0.167403      0.150938      0.13242       0.112932      0.0782789     0.0660704     0.0581834     0.0544855    
1.285         0.183483      0.16746       0.15101       0.132509      0.113039      0.0784293     0.0662462     0.058382      0.0546994    
1.29          0.183517      0.167515      0.151081      0.132597      0.113145      0.0785783     0.0664207     0.0585791     0.0549116    
1.295         0.18355       0.16757       0.151152      0.132683      0.113249      0.078726      0.0665936     0.0587746     0.0551223    
1.3           0.183583      0.167625      0.151222      0.132769      0.113353      0.0788723     0.0667651     0.0589686     0.0553314    
1.305         0.183616      0.167679      0.151291      0.132854      0.113456      0.0790174     0.0669351     0.059161      0.0555389    
1.31          0.183649      0.167732      0.151359      0.132938      0.113557      0.0791613     0.0671038     0.0593519     0.0557448    
1.315         0.183681      0.167785      0.151426      0.133021      0.113657      0.0793039     0.067271      0.0595413     0.0559492    
1.32          0.183712      0.167837      0.151493      0.133103      0.113757      0.0794453     0.0674369     0.0597292     0.056152     
1.325         0.183744      0.167888      0.151559      0.133184      0.113855      0.0795855     0.0676014     0.0599156     0.0563533    
1.33          0.183775      0.167939      0.151624      0.133264      0.113952      0.0797244     0.0677645     0.0601005     0.056553     
1.335         0.183806      0.167989      0.151689      0.133343      0.114048      0.0798622     0.0679262     0.0602839     0.0567512    
1.34          0.183836      0.168039      0.151752      0.133421      0.114144      0.0799988     0.0680866     0.0604659     0.0569478    
1.345         0.183866      0.168088      0.151815      0.133499      0.114238      0.0801341     0.0682456     0.0606464     0.057143     
1.35          0.183896      0.168137      0.151878      0.133575      0.114331      0.0802683     0.0684033     0.0608254     0.0573366    
1.355         0.183925      0.168185      0.151939      0.133651      0.114423      0.0804014     0.0685596     0.0610031     0.0575288    
1.36          0.183954      0.168232      0.152         0.133726      0.114515      0.0805332     0.0687147     0.0611793     0.0577194    
1.365         0.183983      0.16828       0.15206       0.1338        0.114605      0.0806639     0.0688684     0.0613541     0.0579086    
1.37          0.184011      0.168326      0.15212       0.133874      0.114694      0.0807935     0.0690209     0.0615274     0.0580962    
1.375         0.18404       0.168372      0.152179      0.133946      0.114783      0.0809219     0.0691721     0.0616994     0.0582825    
1.38          0.184068      0.168418      0.152237      0.134018      0.114871      0.0810491     0.069322      0.0618701     0.0584672    
1.385         0.184095      0.168463      0.152295      0.134089      0.114957      0.0811753     0.0694707     0.0620393     0.0586505    
1.39          0.184122      0.168507      0.152352      0.13416       0.115043      0.0813003     0.0696181     0.0622072     0.0588324    
1.395         0.184149      0.168551      0.152408      0.134229      0.115128      0.0814242     0.0697642     0.0623737     0.0590128    
1.4           0.184176      0.168595      0.152464      0.134298      0.115212      0.081547      0.069909      0.0625388     0.0591919    
1.405         0.184202      0.168638      0.152519      0.134366      0.115295      0.0816687     0.0700525     0.0627026     0.0593694    
1.41          0.184229      0.168681      0.152574      0.134433      0.115378      0.0817893     0.0701948     0.062865      0.0595456    
1.415         0.184254      0.168723      0.152628      0.1345        0.115459      0.0819088     0.0703359     0.0630261     0.0597204    
1.42          0.18428       0.168764      0.152681      0.134566      0.11554       0.0820273     0.0704757     0.0631859     0.0598938    
1.425         0.184305      0.168806      0.152734      0.134631      0.11562       0.0821447     0.0706144     0.0633444     0.0600658    
1.43          0.18433       0.168847      0.152786      0.134696      0.115699      0.082261      0.0707518     0.0635015     0.0602364    
1.435         0.184355      0.168887      0.152838      0.134759      0.115778      0.0823763     0.070888      0.0636574     0.0604057    
1.44          0.18438       0.168927      0.152889      0.134823      0.115856      0.0824906     0.0710231     0.0638119     0.0605736    
1.445         0.184404      0.168966      0.15294       0.134885      0.115933      0.0826038     0.071157      0.0639652     0.0607401    
1.45          0.184428      0.169006      0.15299       0.134947      0.116009      0.0827161     0.0712898     0.0641173     0.0609053    
1.455         0.184452      0.169044      0.153039      0.135008      0.116085      0.0828273     0.0714214     0.064268      0.0610692    
1.46          0.184475      0.169083      0.153088      0.135069      0.11616       0.0829375     0.0715519     0.0644175     0.0612318    
1.465         0.184498      0.16912       0.153137      0.135129      0.116233      0.0830467     0.0716812     0.0645658     0.061393     
1.47          0.184521      0.169158      0.153185      0.135188      0.116307      0.0831548     0.0718095     0.0647129     0.061553     
1.475         0.184544      0.169195      0.153232      0.135247      0.116379      0.083262      0.0719366     0.0648587     0.0617116    
1.48          0.184567      0.169232      0.153279      0.135305      0.11645       0.0833682     0.0720625     0.0650033     0.061869     
1.485         0.184589      0.169268      0.153326      0.135363      0.116521      0.0834734     0.0721874     0.0651467     0.0620251    
1.49          0.184611      0.169304      0.153372      0.135419      0.116591      0.0835777     0.0723112     0.0652889     0.0621799    
1.495         0.184633      0.169339      0.153417      0.135476      0.116661      0.083681      0.0724339     0.0654299     0.0623335    
1.5           0.184654      0.169375      0.153462      0.135532      0.116729      0.0837833     0.0725556     0.0655698     0.0624858    
1.505         0.184676      0.169409      0.153507      0.135587      0.116797      0.0838847     0.0726761     0.0657084     0.0626369    
1.51          0.184697      0.169444      0.153551      0.135641      0.116865      0.0839852     0.0727957     0.0658459     0.0627867    
1.515         0.184718      0.169478      0.153595      0.135695      0.116931      0.0840847     0.0729141     0.0659822     0.0629353    
1.52          0.184739      0.169511      0.153638      0.135749      0.116997      0.0841833     0.0730316     0.0661174     0.0630827    
1.525         0.184759      0.169545      0.15368       0.135802      0.117062      0.084281      0.073148      0.0662515     0.0632289    
1.53          0.18478       0.169578      0.153723      0.135854      0.117126      0.0843778     0.0732634     0.0663844     0.0633738    
1.535         0.1848        0.169611      0.153764      0.135906      0.11719       0.0844738     0.0733778     0.0665162     0.0635176    
1.54          0.18482       0.169643      0.153806      0.135957      0.117253      0.0845689     0.0734912     0.0666469     0.0636602    
1.545         0.184839      0.169675      0.153847      0.136008      0.117316      0.0846631     0.0736036     0.0667765     0.0638016    
1.55          0.184859      0.169707      0.153887      0.136059      0.117378      0.0847566     0.0737151     0.066905      0.0639419    
1.555         0.184878      0.169738      0.153928      0.136108      0.117439      0.0848492     0.0738255     0.0670324     0.064081     
1.56          0.184897      0.169769      0.153967      0.136158      0.1175        0.0849409     0.0739351     0.0671588     0.0642189    
1.565         0.184916      0.1698        0.154007      0.136206      0.11756       0.0850319     0.0740436     0.0672841     0.0643557    
1.57          0.184935      0.16983       0.154045      0.136255      0.117619      0.0851221     0.0741513     0.0674083     0.0644913    
1.575         0.184953      0.16986       0.154084      0.136303      0.117678      0.0852114     0.074258      0.0675314     0.0646259    
1.58          0.184972      0.16989       0.154122      0.13635       0.117737      0.0852999     0.0743637     0.0676536     0.0647593    
1.585         0.18499       0.169919      0.15416       0.136397      0.117795      0.0853875     0.0744686     0.0677747     0.0648916    
1.59          0.185008      0.169948      0.154197      0.136443      0.117852      0.0854744     0.0745725     0.0678947     0.0650228    
1.595         0.185025      0.169977      0.154234      0.13649       0.117909      0.0855604     0.0746755     0.0680138     0.0651529    
1.6           0.185043      0.170006      0.154271      0.136535      0.117965      0.0856456     0.0747776     0.0681318     0.0652819    
1.605         0.18506       0.170034      0.154307      0.13658       0.118021      0.0857301     0.0748788     0.0682488     0.0654098    
1.61          0.185078      0.170062      0.154343      0.136625      0.118076      0.0858138     0.0749792     0.0683649     0.0655367    
1.615         0.185095      0.17009       0.154378      0.136669      0.118131      0.0858968     0.0750786     0.0684799     0.0656625    
1.62          0.185112      0.170117      0.154414      0.136713      0.118185      0.085979      0.0751772     0.068594      0.0657872    
1.625         0.185128      0.170144      0.154448      0.136756      0.118238      0.0860605     0.075275      0.0687071     0.0659109    
1.63          0.185145      0.170171      0.154483      0.136799      0.118292      0.0861412     0.0753718     0.0688193     0.0660336    
1.635         0.185161      0.170198      0.154517      0.136842      0.118344      0.0862213     0.0754679     0.0689304     0.0661553    
1.64          0.185178      0.170224      0.154551      0.136884      0.118397      0.0863006     0.0755631     0.0690407     0.0662759    
1.645         0.185194      0.17025       0.154584      0.136925      0.118448      0.0863792     0.0756574     0.06915       0.0663955    
1.65          0.185209      0.170276      0.154617      0.136967      0.1185        0.0864571     0.075751      0.0692584     0.0665141    
1.655         0.185225      0.170302      0.15465       0.137007      0.11855       0.0865343     0.0758437     0.0693658     0.0666317    
1.66          0.185241      0.170327      0.154683      0.137048      0.1186        0.0866109     0.0759356     0.0694723     0.0667483    
1.665         0.185256      0.170352      0.154715      0.137088      0.118649      0.0866867     0.0760267     0.069578      0.0668639    
1.67          0.185272      0.170377      0.154747      0.137128      0.118698      0.0867619     0.0761171     0.0696827     0.0669786    
1.675         0.185287      0.170402      0.154778      0.137167      0.118746      0.0868364     0.0762066     0.0697865     0.0670923    
1.68          0.185302      0.170426      0.154809      0.137206      0.118794      0.0869103     0.0762954     0.0698894     0.067205     
1.685         0.185317      0.17045       0.15484       0.137244      0.118842      0.0869835     0.0763834     0.0699915     0.0673168    
1.69          0.185331      0.170474      0.154871      0.137282      0.118889      0.087056      0.0764706     0.0700927     0.0674277    
1.695         0.185346      0.170497      0.154901      0.13732       0.118936      0.087128      0.0765571     0.070193      0.0675376    
1.7           0.18536       0.170521      0.154931      0.137358      0.118983      0.0871992     0.0766428     0.0702925     0.0676466    
1.705         0.185374      0.170544      0.154961      0.137395      0.119029      0.0872699     0.0767278     0.0703911     0.0677546    
1.71          0.185389      0.170567      0.15499       0.137431      0.119075      0.0873399     0.0768121     0.0704889     0.0678618    
1.715         0.185403      0.17059       0.155019      0.137468      0.11912       0.0874094     0.0768956     0.0705859     0.067968     
1.72          0.185416      0.170612      0.155048      0.137504      0.119165      0.0874782     0.0769784     0.070682      0.0680733    
1.725         0.18543       0.170634      0.155077      0.13754       0.11921       0.0875464     0.0770604     0.0707773     0.0681778    
1.73          0.185444      0.170656      0.155105      0.137575      0.119254      0.087614      0.0771418     0.0708718     0.0682814    
1.735         0.185457      0.170678      0.155133      0.13761       0.119298      0.087681      0.0772225     0.0709654     0.0683841    
1.74          0.18547       0.1707        0.155161      0.137645      0.119342      0.0877475     0.0773024     0.0710583     0.0684859    
1.745         0.185484      0.170721      0.155189      0.137679      0.119385      0.0878133     0.0773817     0.0711504     0.0685868    
1.75          0.185497      0.170742      0.155216      0.137713      0.119428      0.0878786     0.0774603     0.0712417     0.0686869    
1.755         0.18551       0.170763      0.155243      0.137747      0.11947       0.0879433     0.0775382     0.0713322     0.0687862    
1.76          0.185522      0.170784      0.155269      0.137781      0.119513      0.0880075     0.0776155     0.071422      0.0688846    
1.765         0.185535      0.170805      0.155296      0.137814      0.119554      0.0880711     0.077692      0.0715109     0.0689822    
1.77          0.185548      0.170825      0.155322      0.137847      0.119596      0.0881341     0.0777679     0.0715992     0.0690789    
1.775         0.18556       0.170845      0.155348      0.137879      0.119637      0.0881966     0.0778432     0.0716866     0.0691749    
1.78          0.185572      0.170865      0.155374      0.137911      0.119677      0.0882585     0.0779178     0.0717733     0.06927      
1.785         0.185585      0.170885      0.155399      0.137943      0.119718      0.0883199     0.0779918     0.0718593     0.0693643    
1.79          0.185597      0.170905      0.155425      0.137975      0.119758      0.0883807     0.0780651     0.0719446     0.0694578    
1.795         0.185609      0.170924      0.15545       0.138006      0.119797      0.088441      0.0781378     0.0720291     0.0695505    
1.8           0.185621      0.170943      0.155474      0.138037      0.119836      0.0885008     0.0782098     0.0721129     0.0696425    
1.805         0.185632      0.170962      0.155499      0.138068      0.119875      0.08856       0.0782813     0.0721959     0.0697336    
1.81          0.185644      0.170981      0.155523      0.138099      0.119914      0.0886187     0.0783521     0.0722783     0.069824     
1.815         0.185655      0.171         0.155547      0.138129      0.119952      0.0886769     0.0784223     0.07236       0.0699136    
1.82          0.185667      0.171019      0.155571      0.138159      0.11999       0.0887346     0.0784919     0.0724409     0.0700025    
1.825         0.185678      0.171037      0.155595      0.138189      0.120027      0.0887918     0.0785609     0.0725212     0.0700905    
1.83          0.185689      0.171055      0.155618      0.138218      0.120064      0.0888485     0.0786292     0.0726008     0.0701779    
1.835         0.1857        0.171073      0.155641      0.138247      0.120101      0.0889047     0.0786971     0.0726797     0.0702645    
1.84          0.185711      0.171091      0.155664      0.138276      0.120138      0.0889604     0.0787643     0.0727579     0.0703504    
1.845         0.185722      0.171109      0.155687      0.138305      0.120174      0.0890156     0.0788309     0.0728354     0.0704355    
1.85          0.185733      0.171126      0.15571       0.138333      0.120209      0.0890704     0.078897      0.0729123     0.0705199    
1.855         0.185744      0.171144      0.155732      0.138361      0.120245      0.0891247     0.0789625     0.0729886     0.0706036    
1.86          0.185754      0.171161      0.155754      0.138389      0.12028       0.0891785     0.0790274     0.0730642     0.0706866    
1.865         0.185765      0.171178      0.155776      0.138416      0.120314      0.0892318     0.0790918     0.0731391     0.0707689    
1.87          0.185775      0.171195      0.155798      0.138444      0.120349      0.0892847     0.0791556     0.0732134     0.0708504    
1.875         0.185785      0.171211      0.155819      0.138471      0.120383      0.0893372     0.0792189     0.0732871     0.0709313    
1.88          0.185796      0.171228      0.155841      0.138498      0.120416      0.0893891     0.0792816     0.0733601     0.0710115    
1.885         0.185806      0.171244      0.155862      0.138524      0.12045       0.0894407     0.0793438     0.0734325     0.071091     
1.89          0.185816      0.17126       0.155883      0.138551      0.120483      0.0894918     0.0794055     0.0735043     0.0711699    
1.895         0.185826      0.171277      0.155903      0.138577      0.120516      0.0895424     0.0794666     0.0735755     0.071248     
1.9           0.185835      0.171292      0.155924      0.138603      0.120549      0.0895926     0.0795272     0.0736461     0.0713255    
1.905         0.185845      0.171308      0.155944      0.138628      0.120581      0.0896424     0.0795873     0.073716      0.0714024    
1.91          0.185855      0.171324      0.155965      0.138654      0.120613      0.0896917     0.0796469     0.0737854     0.0714786    
1.915         0.185864      0.171339      0.155985      0.138679      0.120644      0.0897406     0.079706      0.0738542     0.0715541    
1.92          0.185874      0.171355      0.156004      0.138704      0.120676      0.0897891     0.0797645     0.0739224     0.071629     
1.925         0.185883      0.17137       0.156024      0.138728      0.120707      0.0898371     0.0798226     0.07399       0.0717033    
1.93          0.185892      0.171385      0.156043      0.138753      0.120738      0.0898848     0.0798801     0.0740571     0.0717769    
1.935         0.185901      0.1714        0.156063      0.138777      0.120768      0.089932      0.0799372     0.0741235     0.0718499    
1.94          0.185911      0.171415      0.156082      0.138801      0.120799      0.0899788     0.0799938     0.0741894     0.0719223    
1.945         0.18592       0.171429      0.156101      0.138825      0.120829      0.0900252     0.0800498     0.0742548     0.0719941    
1.95          0.185928      0.171444      0.15612       0.138849      0.120859      0.0900712     0.0801055     0.0743196     0.0720652    
1.955         0.185937      0.171458      0.156138      0.138872      0.120888      0.0901168     0.0801606     0.0743838     0.0721358    
1.96          0.185946      0.171473      0.156157      0.138896      0.120917      0.090162      0.0802153     0.0744475     0.0722058    
1.965         0.185955      0.171487      0.156175      0.138919      0.120946      0.0902069     0.0802695     0.0745106     0.0722751    
1.97          0.185963      0.171501      0.156193      0.138941      0.120975      0.0902513     0.0803232     0.0745732     0.0723439    
1.975         0.185972      0.171515      0.156211      0.138964      0.121004      0.0902954     0.0803765     0.0746353     0.0724121    
1.98          0.18598       0.171528      0.156229      0.138986      0.121032      0.090339      0.0804293     0.0746969     0.0724797    
1.985         0.185989      0.171542      0.156246      0.139009      0.12106       0.0903823     0.0804816     0.0747579     0.0725468    
1.99          0.185997      0.171556      0.156264      0.139031      0.121088      0.0904253     0.0805336     0.0748184     0.0726133    
1.995         0.186005      0.171569      0.156281      0.139052      0.121115      0.0904678     0.080585      0.0748784     0.0726792    
2             0.186013      0.171582      0.156298      0.139074      0.121142      0.09051       0.0806361     0.0749379     0.0727445    
2.005         0.186021      0.171595      0.156315      0.139096      0.121169      0.0905518     0.0806867     0.0749969     0.0728093    
2.01          0.186029      0.171608      0.156332      0.139117      0.121196      0.0905933     0.0807369     0.0750553     0.0728736    
2.015         0.186037      0.171621      0.156349      0.139138      0.121223      0.0906344     0.0807866     0.0751133     0.0729373    
2.02          0.186045      0.171634      0.156365      0.139159      0.121249      0.0906752     0.0808359     0.0751708     0.0730004    
2.025         0.186053      0.171647      0.156382      0.139179      0.121275      0.0907156     0.0808848     0.0752278     0.0730631    
2.03          0.186061      0.171659      0.156398      0.1392        0.121301      0.0907557     0.0809333     0.0752843     0.0731252    
2.035         0.186068      0.171672      0.156414      0.13922       0.121327      0.0907954     0.0809814     0.0753404     0.0731867    
2.04          0.186076      0.171684      0.15643       0.13924       0.121352      0.0908348     0.0810291     0.0753959     0.0732478    
2.045         0.186083      0.171696      0.156446      0.13926       0.121377      0.0908739     0.0810763     0.075451      0.0733083    
2.05          0.186091      0.171708      0.156461      0.13928       0.121402      0.0909126     0.0811232     0.0755057     0.0733684    
2.055         0.186098      0.17172       0.156477      0.1393        0.121427      0.090951      0.0811697     0.0755598     0.0734279    
2.06          0.186105      0.171732      0.156492      0.139319      0.121452      0.0909891     0.0812157     0.0756135     0.0734869    
2.065         0.186113      0.171744      0.156508      0.139339      0.121476      0.0910268     0.0812614     0.0756668     0.0735454    
2.07          0.18612       0.171756      0.156523      0.139358      0.1215        0.0910643     0.0813067     0.0757196     0.0736034    
2.075         0.186127      0.171767      0.156538      0.139377      0.121524      0.0911014     0.0813516     0.0757719     0.073661     
2.08          0.186134      0.171779      0.156553      0.139396      0.121548      0.0911382     0.0813962     0.0758239     0.073718     
2.085         0.186141      0.17179       0.156567      0.139414      0.121571      0.0911747     0.0814403     0.0758753     0.0737746    
2.09          0.186148      0.171801      0.156582      0.139433      0.121594      0.0912108     0.0814841     0.0759264     0.0738307    
2.095         0.186155      0.171813      0.156596      0.139451      0.121618      0.0912467     0.0815275     0.075977      0.0738863    
2.1           0.186161      0.171824      0.156611      0.139469      0.121641      0.0912823     0.0815706     0.0760272     0.0739414    
2.105         0.186168      0.171835      0.156625      0.139487      0.121663      0.0913176     0.0816133     0.076077      0.0739961    
2.11          0.186175      0.171845      0.156639      0.139505      0.121686      0.0913525     0.0816556     0.0761263     0.0740503    
2.115         0.186181      0.171856      0.156653      0.139523      0.121708      0.0913872     0.0816976     0.0761752     0.0741041    
2.12          0.186188      0.171867      0.156667      0.13954       0.12173       0.0914216     0.0817392     0.0762237     0.0741574    
2.125         0.186194      0.171878      0.156681      0.139558      0.121752      0.0914557     0.0817805     0.0762719     0.0742103    
2.13          0.186201      0.171888      0.156694      0.139575      0.121774      0.0914895     0.0818214     0.0763196     0.0742627    
2.135         0.186207      0.171898      0.156708      0.139592      0.121796      0.0915231     0.081862      0.0763669     0.0743147    
2.14          0.186214      0.171909      0.156721      0.139609      0.121817      0.0915563     0.0819022     0.0764138     0.0743662    
2.145         0.18622       0.171919      0.156735      0.139626      0.121838      0.0915893     0.0819421     0.0764603     0.0744173    
2.15          0.186226      0.171929      0.156748      0.139642      0.121859      0.091622      0.0819817     0.0765064     0.074468     
2.155         0.186232      0.171939      0.156761      0.139659      0.12188       0.0916544     0.0820209     0.0765522     0.0745182    
2.16          0.186238      0.171949      0.156774      0.139675      0.121901      0.0916866     0.0820599     0.0765975     0.0745681    
2.165         0.186244      0.171959      0.156786      0.139692      0.121922      0.0917185     0.0820984     0.0766425     0.0746175    
2.17          0.18625       0.171969      0.156799      0.139708      0.121942      0.0917501     0.0821367     0.0766871     0.0746665    
2.175         0.186256      0.171978      0.156812      0.139724      0.121962      0.0917815     0.0821747     0.0767313     0.0747151    
2.18          0.186262      0.171988      0.156824      0.13974       0.121982      0.0918126     0.0822123     0.0767752     0.0747633    
2.185         0.186268      0.171998      0.156837      0.139756      0.122002      0.0918434     0.0822496     0.0768187     0.074811     
2.19          0.186274      0.172007      0.156849      0.139771      0.122022      0.091874      0.0822866     0.0768618     0.0748584    
2.195         0.186279      0.172016      0.156861      0.139787      0.122041      0.0919043     0.0823233     0.0769045     0.0749054    
2.2           0.186285      0.172026      0.156873      0.139802      0.122061      0.0919344     0.0823597     0.076947      0.074952     
2.205         0.186291      0.172035      0.156885      0.139817      0.12208       0.0919643     0.0823958     0.076989      0.0749982    
2.21          0.186296      0.172044      0.156897      0.139832      0.122099      0.0919938     0.0824316     0.0770307     0.075044     
2.215         0.186302      0.172053      0.156909      0.139847      0.122118      0.0920232     0.0824671     0.0770721     0.0750894    
2.22          0.186307      0.172062      0.156921      0.139862      0.122136      0.0920523     0.0825023     0.0771131     0.0751345    
2.225         0.186313      0.172071      0.156932      0.139877      0.122155      0.0920811     0.0825372     0.0771538     0.0751791    
2.23          0.186318      0.17208       0.156944      0.139892      0.122173      0.0921098     0.0825718     0.0771941     0.0752234    
2.235         0.186323      0.172088      0.156955      0.139906      0.122192      0.0921381     0.0826061     0.0772341     0.0752674    
2.24          0.186329      0.172097      0.156966      0.13992       0.12221       0.0921663     0.0826402     0.0772738     0.0753109    
2.245         0.186334      0.172106      0.156977      0.139935      0.122228      0.0921942     0.082674      0.0773131     0.0753541    
2.25          0.186339      0.172114      0.156988      0.139949      0.122246      0.0922219     0.0827075     0.0773521     0.075397     
2.255         0.186344      0.172123      0.156999      0.139963      0.122263      0.0922494     0.0827407     0.0773908     0.0754395    
2.26          0.186349      0.172131      0.15701       0.139977      0.122281      0.0922766     0.0827736     0.0774292     0.0754816    
2.265         0.186354      0.172139      0.157021      0.13999       0.122298      0.0923036     0.0828063     0.0774672     0.0755234    
2.27          0.186359      0.172147      0.157032      0.140004      0.122315      0.0923304     0.0828387     0.0775049     0.0755648    
2.275         0.186364      0.172156      0.157043      0.140017      0.122333      0.092357      0.0828708     0.0775424     0.0756059    
2.28          0.186369      0.172164      0.157053      0.140031      0.12235       0.0923833     0.0829027     0.0775795     0.0756467    
2.285         0.186374      0.172172      0.157064      0.140044      0.122366      0.0924094     0.0829343     0.0776163     0.0756871    
2.29          0.186379      0.17218       0.157074      0.140057      0.122383      0.0924354     0.0829656     0.0776528     0.0757272    
2.295         0.186384      0.172188      0.157084      0.14007       0.1224        0.0924611     0.0829967     0.077689      0.0757669    
2.3           0.186389      0.172195      0.157094      0.140083      0.122416      0.0924866     0.0830275     0.0777249     0.0758063    
2.305         0.186393      0.172203      0.157104      0.140096      0.122432      0.0925119     0.0830581     0.0777605     0.0758454    
2.31          0.186398      0.172211      0.157114      0.140109      0.122448      0.092537      0.0830884     0.0777958     0.0758842    
2.315         0.186403      0.172218      0.157124      0.140122      0.122464      0.0925618     0.0831185     0.0778308     0.0759227    
2.32          0.186407      0.172226      0.157134      0.140134      0.12248       0.0925865     0.0831483     0.0778655     0.0759608    
2.325         0.186412      0.172233      0.157144      0.140147      0.122496      0.092611      0.0831779     0.0779        0.0759986    
2.33          0.186416      0.172241      0.157154      0.140159      0.122512      0.0926353     0.0832073     0.0779342     0.0760361    
2.335         0.186421      0.172248      0.157163      0.140171      0.122527      0.0926594     0.0832364     0.077968      0.0760733    
2.34          0.186425      0.172255      0.157173      0.140183      0.122542      0.0926832     0.0832653     0.0780016     0.0761102    
2.345         0.18643       0.172263      0.157182      0.140195      0.122558      0.0927069     0.0832939     0.078035      0.0761468    
2.35          0.186434      0.17227       0.157192      0.140207      0.122573      0.0927304     0.0833223     0.078068      0.0761831    
2.355         0.186438      0.172277      0.157201      0.140219      0.122588      0.0927537     0.0833505     0.0781008     0.076219     
2.36          0.186443      0.172284      0.15721       0.140231      0.122603      0.0927768     0.0833784     0.0781333     0.0762547    
2.365         0.186447      0.172291      0.157219      0.140242      0.122617      0.0927998     0.0834061     0.0781655     0.0762901    
2.37          0.186451      0.172298      0.157228      0.140254      0.122632      0.0928225     0.0834336     0.0781975     0.0763252    
2.375         0.186455      0.172305      0.157237      0.140265      0.122646      0.092845      0.0834608     0.0782292     0.07636      
2.38          0.186459      0.172312      0.157246      0.140277      0.122661      0.0928674     0.0834878     0.0782607     0.0763945    
2.385         0.186463      0.172318      0.157255      0.140288      0.122675      0.0928896     0.0835146     0.0782919     0.0764288    
2.39          0.186468      0.172325      0.157264      0.140299      0.122689      0.0929116     0.0835412     0.0783228     0.0764627    
2.395         0.186472      0.172332      0.157272      0.14031       0.122703      0.0929334     0.0835676     0.0783535     0.0764964    
2.4           0.186476      0.172338      0.157281      0.140321      0.122717      0.0929551     0.0835938     0.0783839     0.0765298    
2.405         0.18648       0.172345      0.15729       0.140332      0.122731      0.0929766     0.0836197     0.0784141     0.0765629    
2.41          0.186483      0.172351      0.157298      0.140343      0.122744      0.0929979     0.0836455     0.0784441     0.0765958    
2.415         0.186487      0.172358      0.157306      0.140353      0.122758      0.093019      0.083671      0.0784738     0.0766284    
2.42          0.186491      0.172364      0.157315      0.140364      0.122771      0.09304       0.0836963     0.0785032     0.0766607    
2.425         0.186495      0.17237       0.157323      0.140375      0.122785      0.0930607     0.0837215     0.0785325     0.0766928    
2.43          0.186499      0.172377      0.157331      0.140385      0.122798      0.0930814     0.0837464     0.0785615     0.0767246    
2.435         0.186503      0.172383      0.157339      0.140395      0.122811      0.0931018     0.0837711     0.0785902     0.0767561    
2.44          0.186506      0.172389      0.157347      0.140406      0.122824      0.0931221     0.0837956     0.0786187     0.0767874    
2.445         0.18651       0.172395      0.157355      0.140416      0.122836      0.0931423     0.08382       0.078647      0.0768184    
2.45          0.186514      0.172401      0.157363      0.140426      0.122849      0.0931622     0.0838441     0.0786751     0.0768492    
2.455         0.186517      0.172407      0.157371      0.140436      0.122862      0.093182      0.083868      0.0787029     0.0768797    
2.46          0.186521      0.172413      0.157379      0.140446      0.122874      0.0932017     0.0838918     0.0787305     0.07691      
2.465         0.186525      0.172419      0.157387      0.140455      0.122886      0.0932212     0.0839153     0.0787579     0.07694      
2.47          0.186528      0.172425      0.157394      0.140465      0.122899      0.0932405     0.0839387     0.078785      0.0769698    
2.475         0.186532      0.172431      0.157402      0.140475      0.122911      0.0932597     0.0839618     0.078812      0.0769993    
2.48          0.186535      0.172436      0.15741       0.140484      0.122923      0.0932787     0.0839848     0.0788387     0.0770286    
2.485         0.186539      0.172442      0.157417      0.140494      0.122935      0.0932976     0.0840076     0.0788652     0.0770577    
2.49          0.186542      0.172448      0.157424      0.140503      0.122946      0.0933163     0.0840303     0.0788915     0.0770865    
2.495         0.186545      0.172453      0.157432      0.140513      0.122958      0.0933349     0.0840527     0.0789176     0.0771151    
2.5           0.186549      0.172459      0.157439      0.140522      0.12297       0.0933533     0.084075      0.0789435     0.0771435    
