/*--------------------------------*- C++ -*----------------------------------*\
  =========                 |
  \\      /  F ield         | OpenFOAM: The Open Source CFD Toolbox
   \\    /   O peration     | Website:  https://openfoam.org
    \\  /    A nd           | Version:  8
     \\/     M anipulation  |
\*---------------------------------------------------------------------------*/
FoamFile
{
    version     2.0;
    format      ascii;
    class       labelList;
    note        "nPoints: 7381 nCells: 6000 nFaces: 19300 nInternalFaces: 16700";
    location    "constant/polyMesh";
    object      neighbour;
}
// * * * * * * * * * * * * * * * * * * * * * * * * * * * * * * * * * * * * * //


16700
(
1
10
100
2
11
101
3
12
102
4
13
103
5
14
104
6
15
105
7
16
106
8
17
107
9
18
108
19
109
1000
11
20
110
12
21
111
13
22
112
14
23
113
15
24
114
16
25
115
17
26
116
18
27
117
19
28
118
29
119
1040
21
30
120
22
31
121
23
32
122
24
33
123
25
34
124
26
35
125
27
36
126
28
37
127
29
38
128
39
129
1080
31
40
130
32
41
131
33
42
132
34
43
133
35
44
134
36
45
135
37
46
136
38
47
137
39
48
138
49
139
1120
41
50
140
42
51
141
43
52
142
44
53
143
45
54
144
46
55
145
47
56
146
48
57
147
49
58
148
59
149
1160
51
60
150
52
61
151
53
62
152
54
63
153
55
64
154
56
65
155
57
66
156
58
67
157
59
68
158
69
159
1200
61
70
160
62
71
161
63
72
162
64
73
163
65
74
164
66
75
165
67
76
166
68
77
167
69
78
168
79
169
1240
71
80
170
72
81
171
73
82
172
74
83
173
75
84
174
76
85
175
77
86
176
78
87
177
79
88
178
89
179
1280
81
90
180
82
91
181
83
92
182
84
93
183
85
94
184
86
95
185
87
96
186
88
97
187
89
98
188
99
189
1320
91
190
92
191
93
192
94
193
95
194
96
195
97
196
98
197
99
198
199
1360
101
110
200
102
111
201
103
112
202
104
113
203
105
114
204
106
115
205
107
116
206
108
117
207
109
118
208
119
209
1400
111
120
210
112
121
211
113
122
212
114
123
213
115
124
214
116
125
215
117
126
216
118
127
217
119
128
218
129
219
1440
121
130
220
122
131
221
123
132
222
124
133
223
125
134
224
126
135
225
127
136
226
128
137
227
129
138
228
139
229
1480
131
140
230
132
141
231
133
142
232
134
143
233
135
144
234
136
145
235
137
146
236
138
147
237
139
148
238
149
239
1520
141
150
240
142
151
241
143
152
242
144
153
243
145
154
244
146
155
245
147
156
246
148
157
247
149
158
248
159
249
1560
151
160
250
152
161
251
153
162
252
154
163
253
155
164
254
156
165
255
157
166
256
158
167
257
159
168
258
169
259
1600
161
170
260
162
171
261
163
172
262
164
173
263
165
174
264
166
175
265
167
176
266
168
177
267
169
178
268
179
269
1640
171
180
270
172
181
271
173
182
272
174
183
273
175
184
274
176
185
275
177
186
276
178
187
277
179
188
278
189
279
1680
181
190
280
182
191
281
183
192
282
184
193
283
185
194
284
186
195
285
187
196
286
188
197
287
189
198
288
199
289
1720
191
290
192
291
193
292
194
293
195
294
196
295
197
296
198
297
199
298
299
1760
201
210
300
202
211
301
203
212
302
204
213
303
205
214
304
206
215
305
207
216
306
208
217
307
209
218
308
219
309
1800
211
220
310
212
221
311
213
222
312
214
223
313
215
224
314
216
225
315
217
226
316
218
227
317
219
228
318
229
319
1840
221
230
320
222
231
321
223
232
322
224
233
323
225
234
324
226
235
325
227
236
326
228
237
327
229
238
328
239
329
1880
231
240
330
232
241
331
233
242
332
234
243
333
235
244
334
236
245
335
237
246
336
238
247
337
239
248
338
249
339
1920
241
250
340
242
251
341
243
252
342
244
253
343
245
254
344
246
255
345
247
256
346
248
257
347
249
258
348
259
349
1960
251
260
350
252
261
351
253
262
352
254
263
353
255
264
354
256
265
355
257
266
356
258
267
357
259
268
358
269
359
2000
261
270
360
262
271
361
263
272
362
264
273
363
265
274
364
266
275
365
267
276
366
268
277
367
269
278
368
279
369
2040
271
280
370
272
281
371
273
282
372
274
283
373
275
284
374
276
285
375
277
286
376
278
287
377
279
288
378
289
379
2080
281
290
380
282
291
381
283
292
382
284
293
383
285
294
384
286
295
385
287
296
386
288
297
387
289
298
388
299
389
2120
291
390
292
391
293
392
294
393
295
394
296
395
297
396
298
397
299
398
399
2160
301
310
400
302
311
401
303
312
402
304
313
403
305
314
404
306
315
405
307
316
406
308
317
407
309
318
408
319
409
2200
311
320
410
312
321
411
313
322
412
314
323
413
315
324
414
316
325
415
317
326
416
318
327
417
319
328
418
329
419
2240
321
330
420
322
331
421
323
332
422
324
333
423
325
334
424
326
335
425
327
336
426
328
337
427
329
338
428
339
429
2280
331
340
430
332
341
431
333
342
432
334
343
433
335
344
434
336
345
435
337
346
436
338
347
437
339
348
438
349
439
2320
341
350
440
342
351
441
343
352
442
344
353
443
345
354
444
346
355
445
347
356
446
348
357
447
349
358
448
359
449
2360
351
360
450
352
361
451
353
362
452
354
363
453
355
364
454
356
365
455
357
366
456
358
367
457
359
368
458
369
459
2400
361
370
460
362
371
461
363
372
462
364
373
463
365
374
464
366
375
465
367
376
466
368
377
467
369
378
468
379
469
2440
371
380
470
372
381
471
373
382
472
374
383
473
375
384
474
376
385
475
377
386
476
378
387
477
379
388
478
389
479
2480
381
390
480
382
391
481
383
392
482
384
393
483
385
394
484
386
395
485
387
396
486
388
397
487
389
398
488
399
489
2520
391
490
392
491
393
492
394
493
395
494
396
495
397
496
398
497
399
498
499
2560
401
410
500
402
411
501
403
412
502
404
413
503
405
414
504
406
415
505
407
416
506
408
417
507
409
418
508
419
509
2600
411
420
510
412
421
511
413
422
512
414
423
513
415
424
514
416
425
515
417
426
516
418
427
517
419
428
518
429
519
2640
421
430
520
422
431
521
423
432
522
424
433
523
425
434
524
426
435
525
427
436
526
428
437
527
429
438
528
439
529
2680
431
440
530
432
441
531
433
442
532
434
443
533
435
444
534
436
445
535
437
446
536
438
447
537
439
448
538
449
539
2720
441
450
540
442
451
541
443
452
542
444
453
543
445
454
544
446
455
545
447
456
546
448
457
547
449
458
548
459
549
2760
451
460
550
452
461
551
453
462
552
454
463
553
455
464
554
456
465
555
457
466
556
458
467
557
459
468
558
469
559
2800
461
470
560
462
471
561
463
472
562
464
473
563
465
474
564
466
475
565
467
476
566
468
477
567
469
478
568
479
569
2840
471
480
570
472
481
571
473
482
572
474
483
573
475
484
574
476
485
575
477
486
576
478
487
577
479
488
578
489
579
2880
481
490
580
482
491
581
483
492
582
484
493
583
485
494
584
486
495
585
487
496
586
488
497
587
489
498
588
499
589
2920
491
590
492
591
493
592
494
593
495
594
496
595
497
596
498
597
499
598
599
2960
501
510
600
502
511
601
503
512
602
504
513
603
505
514
604
506
515
605
507
516
606
508
517
607
509
518
608
519
609
3000
511
520
610
512
521
611
513
522
612
514
523
613
515
524
614
516
525
615
517
526
616
518
527
617
519
528
618
529
619
3040
521
530
620
522
531
621
523
532
622
524
533
623
525
534
624
526
535
625
527
536
626
528
537
627
529
538
628
539
629
3080
531
540
630
532
541
631
533
542
632
534
543
633
535
544
634
536
545
635
537
546
636
538
547
637
539
548
638
549
639
3120
541
550
640
542
551
641
543
552
642
544
553
643
545
554
644
546
555
645
547
556
646
548
557
647
549
558
648
559
649
3160
551
560
650
552
561
651
553
562
652
554
563
653
555
564
654
556
565
655
557
566
656
558
567
657
559
568
658
569
659
3200
561
570
660
562
571
661
563
572
662
564
573
663
565
574
664
566
575
665
567
576
666
568
577
667
569
578
668
579
669
3240
571
580
670
572
581
671
573
582
672
574
583
673
575
584
674
576
585
675
577
586
676
578
587
677
579
588
678
589
679
3280
581
590
680
582
591
681
583
592
682
584
593
683
585
594
684
586
595
685
587
596
686
588
597
687
589
598
688
599
689
3320
591
690
592
691
593
692
594
693
595
694
596
695
597
696
598
697
599
698
699
3360
601
610
700
602
611
701
603
612
702
604
613
703
605
614
704
606
615
705
607
616
706
608
617
707
609
618
708
619
709
3400
611
620
710
612
621
711
613
622
712
614
623
713
615
624
714
616
625
715
617
626
716
618
627
717
619
628
718
629
719
3440
621
630
720
622
631
721
623
632
722
624
633
723
625
634
724
626
635
725
627
636
726
628
637
727
629
638
728
639
729
3480
631
640
730
632
641
731
633
642
732
634
643
733
635
644
734
636
645
735
637
646
736
638
647
737
639
648
738
649
739
3520
641
650
740
642
651
741
643
652
742
644
653
743
645
654
744
646
655
745
647
656
746
648
657
747
649
658
748
659
749
3560
651
660
750
652
661
751
653
662
752
654
663
753
655
664
754
656
665
755
657
666
756
658
667
757
659
668
758
669
759
3600
661
670
760
662
671
761
663
672
762
664
673
763
665
674
764
666
675
765
667
676
766
668
677
767
669
678
768
679
769
3640
671
680
770
672
681
771
673
682
772
674
683
773
675
684
774
676
685
775
677
686
776
678
687
777
679
688
778
689
779
3680
681
690
780
682
691
781
683
692
782
684
693
783
685
694
784
686
695
785
687
696
786
688
697
787
689
698
788
699
789
3720
691
790
692
791
693
792
694
793
695
794
696
795
697
796
698
797
699
798
799
3760
701
710
800
702
711
801
703
712
802
704
713
803
705
714
804
706
715
805
707
716
806
708
717
807
709
718
808
719
809
3800
711
720
810
712
721
811
713
722
812
714
723
813
715
724
814
716
725
815
717
726
816
718
727
817
719
728
818
729
819
3840
721
730
820
722
731
821
723
732
822
724
733
823
725
734
824
726
735
825
727
736
826
728
737
827
729
738
828
739
829
3880
731
740
830
732
741
831
733
742
832
734
743
833
735
744
834
736
745
835
737
746
836
738
747
837
739
748
838
749
839
3920
741
750
840
742
751
841
743
752
842
744
753
843
745
754
844
746
755
845
747
756
846
748
757
847
749
758
848
759
849
3960
751
760
850
752
761
851
753
762
852
754
763
853
755
764
854
756
765
855
757
766
856
758
767
857
759
768
858
769
859
4000
761
770
860
762
771
861
763
772
862
764
773
863
765
774
864
766
775
865
767
776
866
768
777
867
769
778
868
779
869
4040
771
780
870
772
781
871
773
782
872
774
783
873
775
784
874
776
785
875
777
786
876
778
787
877
779
788
878
789
879
4080
781
790
880
782
791
881
783
792
882
784
793
883
785
794
884
786
795
885
787
796
886
788
797
887
789
798
888
799
889
4120
791
890
792
891
793
892
794
893
795
894
796
895
797
896
798
897
799
898
899
4160
801
810
900
802
811
901
803
812
902
804
813
903
805
814
904
806
815
905
807
816
906
808
817
907
809
818
908
819
909
4200
811
820
910
812
821
911
813
822
912
814
823
913
815
824
914
816
825
915
817
826
916
818
827
917
819
828
918
829
919
4240
821
830
920
822
831
921
823
832
922
824
833
923
825
834
924
826
835
925
827
836
926
828
837
927
829
838
928
839
929
4280
831
840
930
832
841
931
833
842
932
834
843
933
835
844
934
836
845
935
837
846
936
838
847
937
839
848
938
849
939
4320
841
850
940
842
851
941
843
852
942
844
853
943
845
854
944
846
855
945
847
856
946
848
857
947
849
858
948
859
949
4360
851
860
950
852
861
951
853
862
952
854
863
953
855
864
954
856
865
955
857
866
956
858
867
957
859
868
958
869
959
4400
861
870
960
862
871
961
863
872
962
864
873
963
865
874
964
866
875
965
867
876
966
868
877
967
869
878
968
879
969
4440
871
880
970
872
881
971
873
882
972
874
883
973
875
884
974
876
885
975
877
886
976
878
887
977
879
888
978
889
979
4480
881
890
980
882
891
981
883
892
982
884
893
983
885
894
984
886
895
985
887
896
986
888
897
987
889
898
988
899
989
4520
891
990
892
991
893
992
894
993
895
994
896
995
897
996
898
997
899
998
999
4560
901
910
902
911
903
912
904
913
905
914
906
915
907
916
908
917
909
918
919
4600
911
920
912
921
913
922
914
923
915
924
916
925
917
926
918
927
919
928
929
4640
921
930
922
931
923
932
924
933
925
934
926
935
927
936
928
937
929
938
939
4680
931
940
932
941
933
942
934
943
935
944
936
945
937
946
938
947
939
948
949
4720
941
950
942
951
943
952
944
953
945
954
946
955
947
956
948
957
949
958
959
4760
951
960
952
961
953
962
954
963
955
964
956
965
957
966
958
967
959
968
969
4800
961
970
962
971
963
972
964
973
965
974
966
975
967
976
968
977
969
978
979
4840
971
980
972
981
973
982
974
983
975
984
976
985
977
986
978
987
979
988
989
4880
981
990
982
991
983
992
984
993
985
994
986
995
987
996
988
997
989
998
999
4920
991
992
993
994
995
996
997
998
999
4960
1001
1040
1400
1002
1041
1401
1003
1042
1402
1004
1043
1403
1005
1044
1404
1006
1045
1405
1007
1046
1406
1008
1047
1407
1009
1048
1408
1010
1049
1409
1011
1050
1410
1012
1051
1411
1013
1052
1412
1014
1053
1413
1015
1054
1414
1016
1055
1415
1017
1056
1416
1018
1057
1417
1019
1058
1418
1020
1059
1419
1021
1060
1420
1022
1061
1421
1023
1062
1422
1024
1063
1423
1025
1064
1424
1026
1065
1425
1027
1066
1426
1028
1067
1427
1029
1068
1428
1030
1069
1429
1031
1070
1430
1032
1071
1431
1033
1072
1432
1034
1073
1433
1035
1074
1434
1036
1075
1435
1037
1076
1436
1038
1077
1437
1039
1078
1438
1079
1439
5000
1041
1080
1440
1042
1081
1441
1043
1082
1442
1044
1083
1443
1045
1084
1444
1046
1085
1445
1047
1086
1446
1048
1087
1447
1049
1088
1448
1050
1089
1449
1051
1090
1450
1052
1091
1451
1053
1092
1452
1054
1093
1453
1055
1094
1454
1056
1095
1455
1057
1096
1456
1058
1097
1457
1059
1098
1458
1060
1099
1459
1061
1100
1460
1062
1101
1461
1063
1102
1462
1064
1103
1463
1065
1104
1464
1066
1105
1465
1067
1106
1466
1068
1107
1467
1069
1108
1468
1070
1109
1469
1071
1110
1470
1072
1111
1471
1073
1112
1472
1074
1113
1473
1075
1114
1474
1076
1115
1475
1077
1116
1476
1078
1117
1477
1079
1118
1478
1119
1479
5010
1081
1120
1480
1082
1121
1481
1083
1122
1482
1084
1123
1483
1085
1124
1484
1086
1125
1485
1087
1126
1486
1088
1127
1487
1089
1128
1488
1090
1129
1489
1091
1130
1490
1092
1131
1491
1093
1132
1492
1094
1133
1493
1095
1134
1494
1096
1135
1495
1097
1136
1496
1098
1137
1497
1099
1138
1498
1100
1139
1499
1101
1140
1500
1102
1141
1501
1103
1142
1502
1104
1143
1503
1105
1144
1504
1106
1145
1505
1107
1146
1506
1108
1147
1507
1109
1148
1508
1110
1149
1509
1111
1150
1510
1112
1151
1511
1113
1152
1512
1114
1153
1513
1115
1154
1514
1116
1155
1515
1117
1156
1516
1118
1157
1517
1119
1158
1518
1159
1519
5020
1121
1160
1520
1122
1161
1521
1123
1162
1522
1124
1163
1523
1125
1164
1524
1126
1165
1525
1127
1166
1526
1128
1167
1527
1129
1168
1528
1130
1169
1529
1131
1170
1530
1132
1171
1531
1133
1172
1532
1134
1173
1533
1135
1174
1534
1136
1175
1535
1137
1176
1536
1138
1177
1537
1139
1178
1538
1140
1179
1539
1141
1180
1540
1142
1181
1541
1143
1182
1542
1144
1183
1543
1145
1184
1544
1146
1185
1545
1147
1186
1546
1148
1187
1547
1149
1188
1548
1150
1189
1549
1151
1190
1550
1152
1191
1551
1153
1192
1552
1154
1193
1553
1155
1194
1554
1156
1195
1555
1157
1196
1556
1158
1197
1557
1159
1198
1558
1199
1559
5030
1161
1200
1560
1162
1201
1561
1163
1202
1562
1164
1203
1563
1165
1204
1564
1166
1205
1565
1167
1206
1566
1168
1207
1567
1169
1208
1568
1170
1209
1569
1171
1210
1570
1172
1211
1571
1173
1212
1572
1174
1213
1573
1175
1214
1574
1176
1215
1575
1177
1216
1576
1178
1217
1577
1179
1218
1578
1180
1219
1579
1181
1220
1580
1182
1221
1581
1183
1222
1582
1184
1223
1583
1185
1224
1584
1186
1225
1585
1187
1226
1586
1188
1227
1587
1189
1228
1588
1190
1229
1589
1191
1230
1590
1192
1231
1591
1193
1232
1592
1194
1233
1593
1195
1234
1594
1196
1235
1595
1197
1236
1596
1198
1237
1597
1199
1238
1598
1239
1599
5040
1201
1240
1600
1202
1241
1601
1203
1242
1602
1204
1243
1603
1205
1244
1604
1206
1245
1605
1207
1246
1606
1208
1247
1607
1209
1248
1608
1210
1249
1609
1211
1250
1610
1212
1251
1611
1213
1252
1612
1214
1253
1613
1215
1254
1614
1216
1255
1615
1217
1256
1616
1218
1257
1617
1219
1258
1618
1220
1259
1619
1221
1260
1620
1222
1261
1621
1223
1262
1622
1224
1263
1623
1225
1264
1624
1226
1265
1625
1227
1266
1626
1228
1267
1627
1229
1268
1628
1230
1269
1629
1231
1270
1630
1232
1271
1631
1233
1272
1632
1234
1273
1633
1235
1274
1634
1236
1275
1635
1237
1276
1636
1238
1277
1637
1239
1278
1638
1279
1639
5050
1241
1280
1640
1242
1281
1641
1243
1282
1642
1244
1283
1643
1245
1284
1644
1246
1285
1645
1247
1286
1646
1248
1287
1647
1249
1288
1648
1250
1289
1649
1251
1290
1650
1252
1291
1651
1253
1292
1652
1254
1293
1653
1255
1294
1654
1256
1295
1655
1257
1296
1656
1258
1297
1657
1259
1298
1658
1260
1299
1659
1261
1300
1660
1262
1301
1661
1263
1302
1662
1264
1303
1663
1265
1304
1664
1266
1305
1665
1267
1306
1666
1268
1307
1667
1269
1308
1668
1270
1309
1669
1271
1310
1670
1272
1311
1671
1273
1312
1672
1274
1313
1673
1275
1314
1674
1276
1315
1675
1277
1316
1676
1278
1317
1677
1279
1318
1678
1319
1679
5060
1281
1320
1680
1282
1321
1681
1283
1322
1682
1284
1323
1683
1285
1324
1684
1286
1325
1685
1287
1326
1686
1288
1327
1687
1289
1328
1688
1290
1329
1689
1291
1330
1690
1292
1331
1691
1293
1332
1692
1294
1333
1693
1295
1334
1694
1296
1335
1695
1297
1336
1696
1298
1337
1697
1299
1338
1698
1300
1339
1699
1301
1340
1700
1302
1341
1701
1303
1342
1702
1304
1343
1703
1305
1344
1704
1306
1345
1705
1307
1346
1706
1308
1347
1707
1309
1348
1708
1310
1349
1709
1311
1350
1710
1312
1351
1711
1313
1352
1712
1314
1353
1713
1315
1354
1714
1316
1355
1715
1317
1356
1716
1318
1357
1717
1319
1358
1718
1359
1719
5070
1321
1360
1720
1322
1361
1721
1323
1362
1722
1324
1363
1723
1325
1364
1724
1326
1365
1725
1327
1366
1726
1328
1367
1727
1329
1368
1728
1330
1369
1729
1331
1370
1730
1332
1371
1731
1333
1372
1732
1334
1373
1733
1335
1374
1734
1336
1375
1735
1337
1376
1736
1338
1377
1737
1339
1378
1738
1340
1379
1739
1341
1380
1740
1342
1381
1741
1343
1382
1742
1344
1383
1743
1345
1384
1744
1346
1385
1745
1347
1386
1746
1348
1387
1747
1349
1388
1748
1350
1389
1749
1351
1390
1750
1352
1391
1751
1353
1392
1752
1354
1393
1753
1355
1394
1754
1356
1395
1755
1357
1396
1756
1358
1397
1757
1359
1398
1758
1399
1759
5080
1361
1760
1362
1761
1363
1762
1364
1763
1365
1764
1366
1765
1367
1766
1368
1767
1369
1768
1370
1769
1371
1770
1372
1771
1373
1772
1374
1773
1375
1774
1376
1775
1377
1776
1378
1777
1379
1778
1380
1779
1381
1780
1382
1781
1383
1782
1384
1783
1385
1784
1386
1785
1387
1786
1388
1787
1389
1788
1390
1789
1391
1790
1392
1791
1393
1792
1394
1793
1395
1794
1396
1795
1397
1796
1398
1797
1399
1798
1799
5090
1401
1440
1800
1402
1441
1801
1403
1442
1802
1404
1443
1803
1405
1444
1804
1406
1445
1805
1407
1446
1806
1408
1447
1807
1409
1448
1808
1410
1449
1809
1411
1450
1810
1412
1451
1811
1413
1452
1812
1414
1453
1813
1415
1454
1814
1416
1455
1815
1417
1456
1816
1418
1457
1817
1419
1458
1818
1420
1459
1819
1421
1460
1820
1422
1461
1821
1423
1462
1822
1424
1463
1823
1425
1464
1824
1426
1465
1825
1427
1466
1826
1428
1467
1827
1429
1468
1828
1430
1469
1829
1431
1470
1830
1432
1471
1831
1433
1472
1832
1434
1473
1833
1435
1474
1834
1436
1475
1835
1437
1476
1836
1438
1477
1837
1439
1478
1838
1479
1839
5100
1441
1480
1840
1442
1481
1841
1443
1482
1842
1444
1483
1843
1445
1484
1844
1446
1485
1845
1447
1486
1846
1448
1487
1847
1449
1488
1848
1450
1489
1849
1451
1490
1850
1452
1491
1851
1453
1492
1852
1454
1493
1853
1455
1494
1854
1456
1495
1855
1457
1496
1856
1458
1497
1857
1459
1498
1858
1460
1499
1859
1461
1500
1860
1462
1501
1861
1463
1502
1862
1464
1503
1863
1465
1504
1864
1466
1505
1865
1467
1506
1866
1468
1507
1867
1469
1508
1868
1470
1509
1869
1471
1510
1870
1472
1511
1871
1473
1512
1872
1474
1513
1873
1475
1514
1874
1476
1515
1875
1477
1516
1876
1478
1517
1877
1479
1518
1878
1519
1879
5110
1481
1520
1880
1482
1521
1881
1483
1522
1882
1484
1523
1883
1485
1524
1884
1486
1525
1885
1487
1526
1886
1488
1527
1887
1489
1528
1888
1490
1529
1889
1491
1530
1890
1492
1531
1891
1493
1532
1892
1494
1533
1893
1495
1534
1894
1496
1535
1895
1497
1536
1896
1498
1537
1897
1499
1538
1898
1500
1539
1899
1501
1540
1900
1502
1541
1901
1503
1542
1902
1504
1543
1903
1505
1544
1904
1506
1545
1905
1507
1546
1906
1508
1547
1907
1509
1548
1908
1510
1549
1909
1511
1550
1910
1512
1551
1911
1513
1552
1912
1514
1553
1913
1515
1554
1914
1516
1555
1915
1517
1556
1916
1518
1557
1917
1519
1558
1918
1559
1919
5120
1521
1560
1920
1522
1561
1921
1523
1562
1922
1524
1563
1923
1525
1564
1924
1526
1565
1925
1527
1566
1926
1528
1567
1927
1529
1568
1928
1530
1569
1929
1531
1570
1930
1532
1571
1931
1533
1572
1932
1534
1573
1933
1535
1574
1934
1536
1575
1935
1537
1576
1936
1538
1577
1937
1539
1578
1938
1540
1579
1939
1541
1580
1940
1542
1581
1941
1543
1582
1942
1544
1583
1943
1545
1584
1944
1546
1585
1945
1547
1586
1946
1548
1587
1947
1549
1588
1948
1550
1589
1949
1551
1590
1950
1552
1591
1951
1553
1592
1952
1554
1593
1953
1555
1594
1954
1556
1595
1955
1557
1596
1956
1558
1597
1957
1559
1598
1958
1599
1959
5130
1561
1600
1960
1562
1601
1961
1563
1602
1962
1564
1603
1963
1565
1604
1964
1566
1605
1965
1567
1606
1966
1568
1607
1967
1569
1608
1968
1570
1609
1969
1571
1610
1970
1572
1611
1971
1573
1612
1972
1574
1613
1973
1575
1614
1974
1576
1615
1975
1577
1616
1976
1578
1617
1977
1579
1618
1978
1580
1619
1979
1581
1620
1980
1582
1621
1981
1583
1622
1982
1584
1623
1983
1585
1624
1984
1586
1625
1985
1587
1626
1986
1588
1627
1987
1589
1628
1988
1590
1629
1989
1591
1630
1990
1592
1631
1991
1593
1632
1992
1594
1633
1993
1595
1634
1994
1596
1635
1995
1597
1636
1996
1598
1637
1997
1599
1638
1998
1639
1999
5140
1601
1640
2000
1602
1641
2001
1603
1642
2002
1604
1643
2003
1605
1644
2004
1606
1645
2005
1607
1646
2006
1608
1647
2007
1609
1648
2008
1610
1649
2009
1611
1650
2010
1612
1651
2011
1613
1652
2012
1614
1653
2013
1615
1654
2014
1616
1655
2015
1617
1656
2016
1618
1657
2017
1619
1658
2018
1620
1659
2019
1621
1660
2020
1622
1661
2021
1623
1662
2022
1624
1663
2023
1625
1664
2024
1626
1665
2025
1627
1666
2026
1628
1667
2027
1629
1668
2028
1630
1669
2029
1631
1670
2030
1632
1671
2031
1633
1672
2032
1634
1673
2033
1635
1674
2034
1636
1675
2035
1637
1676
2036
1638
1677
2037
1639
1678
2038
1679
2039
5150
1641
1680
2040
1642
1681
2041
1643
1682
2042
1644
1683
2043
1645
1684
2044
1646
1685
2045
1647
1686
2046
1648
1687
2047
1649
1688
2048
1650
1689
2049
1651
1690
2050
1652
1691
2051
1653
1692
2052
1654
1693
2053
1655
1694
2054
1656
1695
2055
1657
1696
2056
1658
1697
2057
1659
1698
2058
1660
1699
2059
1661
1700
2060
1662
1701
2061
1663
1702
2062
1664
1703
2063
1665
1704
2064
1666
1705
2065
1667
1706
2066
1668
1707
2067
1669
1708
2068
1670
1709
2069
1671
1710
2070
1672
1711
2071
1673
1712
2072
1674
1713
2073
1675
1714
2074
1676
1715
2075
1677
1716
2076
1678
1717
2077
1679
1718
2078
1719
2079
5160
1681
1720
2080
1682
1721
2081
1683
1722
2082
1684
1723
2083
1685
1724
2084
1686
1725
2085
1687
1726
2086
1688
1727
2087
1689
1728
2088
1690
1729
2089
1691
1730
2090
1692
1731
2091
1693
1732
2092
1694
1733
2093
1695
1734
2094
1696
1735
2095
1697
1736
2096
1698
1737
2097
1699
1738
2098
1700
1739
2099
1701
1740
2100
1702
1741
2101
1703
1742
2102
1704
1743
2103
1705
1744
2104
1706
1745
2105
1707
1746
2106
1708
1747
2107
1709
1748
2108
1710
1749
2109
1711
1750
2110
1712
1751
2111
1713
1752
2112
1714
1753
2113
1715
1754
2114
1716
1755
2115
1717
1756
2116
1718
1757
2117
1719
1758
2118
1759
2119
5170
1721
1760
2120
1722
1761
2121
1723
1762
2122
1724
1763
2123
1725
1764
2124
1726
1765
2125
1727
1766
2126
1728
1767
2127
1729
1768
2128
1730
1769
2129
1731
1770
2130
1732
1771
2131
1733
1772
2132
1734
1773
2133
1735
1774
2134
1736
1775
2135
1737
1776
2136
1738
1777
2137
1739
1778
2138
1740
1779
2139
1741
1780
2140
1742
1781
2141
1743
1782
2142
1744
1783
2143
1745
1784
2144
1746
1785
2145
1747
1786
2146
1748
1787
2147
1749
1788
2148
1750
1789
2149
1751
1790
2150
1752
1791
2151
1753
1792
2152
1754
1793
2153
1755
1794
2154
1756
1795
2155
1757
1796
2156
1758
1797
2157
1759
1798
2158
1799
2159
5180
1761
2160
1762
2161
1763
2162
1764
2163
1765
2164
1766
2165
1767
2166
1768
2167
1769
2168
1770
2169
1771
2170
1772
2171
1773
2172
1774
2173
1775
2174
1776
2175
1777
2176
1778
2177
1779
2178
1780
2179
1781
2180
1782
2181
1783
2182
1784
2183
1785
2184
1786
2185
1787
2186
1788
2187
1789
2188
1790
2189
1791
2190
1792
2191
1793
2192
1794
2193
1795
2194
1796
2195
1797
2196
1798
2197
1799
2198
2199
5190
1801
1840
2200
1802
1841
2201
1803
1842
2202
1804
1843
2203
1805
1844
2204
1806
1845
2205
1807
1846
2206
1808
1847
2207
1809
1848
2208
1810
1849
2209
1811
1850
2210
1812
1851
2211
1813
1852
2212
1814
1853
2213
1815
1854
2214
1816
1855
2215
1817
1856
2216
1818
1857
2217
1819
1858
2218
1820
1859
2219
1821
1860
2220
1822
1861
2221
1823
1862
2222
1824
1863
2223
1825
1864
2224
1826
1865
2225
1827
1866
2226
1828
1867
2227
1829
1868
2228
1830
1869
2229
1831
1870
2230
1832
1871
2231
1833
1872
2232
1834
1873
2233
1835
1874
2234
1836
1875
2235
1837
1876
2236
1838
1877
2237
1839
1878
2238
1879
2239
5200
1841
1880
2240
1842
1881
2241
1843
1882
2242
1844
1883
2243
1845
1884
2244
1846
1885
2245
1847
1886
2246
1848
1887
2247
1849
1888
2248
1850
1889
2249
1851
1890
2250
1852
1891
2251
1853
1892
2252
1854
1893
2253
1855
1894
2254
1856
1895
2255
1857
1896
2256
1858
1897
2257
1859
1898
2258
1860
1899
2259
1861
1900
2260
1862
1901
2261
1863
1902
2262
1864
1903
2263
1865
1904
2264
1866
1905
2265
1867
1906
2266
1868
1907
2267
1869
1908
2268
1870
1909
2269
1871
1910
2270
1872
1911
2271
1873
1912
2272
1874
1913
2273
1875
1914
2274
1876
1915
2275
1877
1916
2276
1878
1917
2277
1879
1918
2278
1919
2279
5210
1881
1920
2280
1882
1921
2281
1883
1922
2282
1884
1923
2283
1885
1924
2284
1886
1925
2285
1887
1926
2286
1888
1927
2287
1889
1928
2288
1890
1929
2289
1891
1930
2290
1892
1931
2291
1893
1932
2292
1894
1933
2293
1895
1934
2294
1896
1935
2295
1897
1936
2296
1898
1937
2297
1899
1938
2298
1900
1939
2299
1901
1940
2300
1902
1941
2301
1903
1942
2302
1904
1943
2303
1905
1944
2304
1906
1945
2305
1907
1946
2306
1908
1947
2307
1909
1948
2308
1910
1949
2309
1911
1950
2310
1912
1951
2311
1913
1952
2312
1914
1953
2313
1915
1954
2314
1916
1955
2315
1917
1956
2316
1918
1957
2317
1919
1958
2318
1959
2319
5220
1921
1960
2320
1922
1961
2321
1923
1962
2322
1924
1963
2323
1925
1964
2324
1926
1965
2325
1927
1966
2326
1928
1967
2327
1929
1968
2328
1930
1969
2329
1931
1970
2330
1932
1971
2331
1933
1972
2332
1934
1973
2333
1935
1974
2334
1936
1975
2335
1937
1976
2336
1938
1977
2337
1939
1978
2338
1940
1979
2339
1941
1980
2340
1942
1981
2341
1943
1982
2342
1944
1983
2343
1945
1984
2344
1946
1985
2345
1947
1986
2346
1948
1987
2347
1949
1988
2348
1950
1989
2349
1951
1990
2350
1952
1991
2351
1953
1992
2352
1954
1993
2353
1955
1994
2354
1956
1995
2355
1957
1996
2356
1958
1997
2357
1959
1998
2358
1999
2359
5230
1961
2000
2360
1962
2001
2361
1963
2002
2362
1964
2003
2363
1965
2004
2364
1966
2005
2365
1967
2006
2366
1968
2007
2367
1969
2008
2368
1970
2009
2369
1971
2010
2370
1972
2011
2371
1973
2012
2372
1974
2013
2373
1975
2014
2374
1976
2015
2375
1977
2016
2376
1978
2017
2377
1979
2018
2378
1980
2019
2379
1981
2020
2380
1982
2021
2381
1983
2022
2382
1984
2023
2383
1985
2024
2384
1986
2025
2385
1987
2026
2386
1988
2027
2387
1989
2028
2388
1990
2029
2389
1991
2030
2390
1992
2031
2391
1993
2032
2392
1994
2033
2393
1995
2034
2394
1996
2035
2395
1997
2036
2396
1998
2037
2397
1999
2038
2398
2039
2399
5240
2001
2040
2400
2002
2041
2401
2003
2042
2402
2004
2043
2403
2005
2044
2404
2006
2045
2405
2007
2046
2406
2008
2047
2407
2009
2048
2408
2010
2049
2409
2011
2050
2410
2012
2051
2411
2013
2052
2412
2014
2053
2413
2015
2054
2414
2016
2055
2415
2017
2056
2416
2018
2057
2417
2019
2058
2418
2020
2059
2419
2021
2060
2420
2022
2061
2421
2023
2062
2422
2024
2063
2423
2025
2064
2424
2026
2065
2425
2027
2066
2426
2028
2067
2427
2029
2068
2428
2030
2069
2429
2031
2070
2430
2032
2071
2431
2033
2072
2432
2034
2073
2433
2035
2074
2434
2036
2075
2435
2037
2076
2436
2038
2077
2437
2039
2078
2438
2079
2439
5250
2041
2080
2440
2042
2081
2441
2043
2082
2442
2044
2083
2443
2045
2084
2444
2046
2085
2445
2047
2086
2446
2048
2087
2447
2049
2088
2448
2050
2089
2449
2051
2090
2450
2052
2091
2451
2053
2092
2452
2054
2093
2453
2055
2094
2454
2056
2095
2455
2057
2096
2456
2058
2097
2457
2059
2098
2458
2060
2099
2459
2061
2100
2460
2062
2101
2461
2063
2102
2462
2064
2103
2463
2065
2104
2464
2066
2105
2465
2067
2106
2466
2068
2107
2467
2069
2108
2468
2070
2109
2469
2071
2110
2470
2072
2111
2471
2073
2112
2472
2074
2113
2473
2075
2114
2474
2076
2115
2475
2077
2116
2476
2078
2117
2477
2079
2118
2478
2119
2479
5260
2081
2120
2480
2082
2121
2481
2083
2122
2482
2084
2123
2483
2085
2124
2484
2086
2125
2485
2087
2126
2486
2088
2127
2487
2089
2128
2488
2090
2129
2489
2091
2130
2490
2092
2131
2491
2093
2132
2492
2094
2133
2493
2095
2134
2494
2096
2135
2495
2097
2136
2496
2098
2137
2497
2099
2138
2498
2100
2139
2499
2101
2140
2500
2102
2141
2501
2103
2142
2502
2104
2143
2503
2105
2144
2504
2106
2145
2505
2107
2146
2506
2108
2147
2507
2109
2148
2508
2110
2149
2509
2111
2150
2510
2112
2151
2511
2113
2152
2512
2114
2153
2513
2115
2154
2514
2116
2155
2515
2117
2156
2516
2118
2157
2517
2119
2158
2518
2159
2519
5270
2121
2160
2520
2122
2161
2521
2123
2162
2522
2124
2163
2523
2125
2164
2524
2126
2165
2525
2127
2166
2526
2128
2167
2527
2129
2168
2528
2130
2169
2529
2131
2170
2530
2132
2171
2531
2133
2172
2532
2134
2173
2533
2135
2174
2534
2136
2175
2535
2137
2176
2536
2138
2177
2537
2139
2178
2538
2140
2179
2539
2141
2180
2540
2142
2181
2541
2143
2182
2542
2144
2183
2543
2145
2184
2544
2146
2185
2545
2147
2186
2546
2148
2187
2547
2149
2188
2548
2150
2189
2549
2151
2190
2550
2152
2191
2551
2153
2192
2552
2154
2193
2553
2155
2194
2554
2156
2195
2555
2157
2196
2556
2158
2197
2557
2159
2198
2558
2199
2559
5280
2161
2560
2162
2561
2163
2562
2164
2563
2165
2564
2166
2565
2167
2566
2168
2567
2169
2568
2170
2569
2171
2570
2172
2571
2173
2572
2174
2573
2175
2574
2176
2575
2177
2576
2178
2577
2179
2578
2180
2579
2181
2580
2182
2581
2183
2582
2184
2583
2185
2584
2186
2585
2187
2586
2188
2587
2189
2588
2190
2589
2191
2590
2192
2591
2193
2592
2194
2593
2195
2594
2196
2595
2197
2596
2198
2597
2199
2598
2599
5290
2201
2240
2600
2202
2241
2601
2203
2242
2602
2204
2243
2603
2205
2244
2604
2206
2245
2605
2207
2246
2606
2208
2247
2607
2209
2248
2608
2210
2249
2609
2211
2250
2610
2212
2251
2611
2213
2252
2612
2214
2253
2613
2215
2254
2614
2216
2255
2615
2217
2256
2616
2218
2257
2617
2219
2258
2618
2220
2259
2619
2221
2260
2620
2222
2261
2621
2223
2262
2622
2224
2263
2623
2225
2264
2624
2226
2265
2625
2227
2266
2626
2228
2267
2627
2229
2268
2628
2230
2269
2629
2231
2270
2630
2232
2271
2631
2233
2272
2632
2234
2273
2633
2235
2274
2634
2236
2275
2635
2237
2276
2636
2238
2277
2637
2239
2278
2638
2279
2639
5300
2241
2280
2640
2242
2281
2641
2243
2282
2642
2244
2283
2643
2245
2284
2644
2246
2285
2645
2247
2286
2646
2248
2287
2647
2249
2288
2648
2250
2289
2649
2251
2290
2650
2252
2291
2651
2253
2292
2652
2254
2293
2653
2255
2294
2654
2256
2295
2655
2257
2296
2656
2258
2297
2657
2259
2298
2658
2260
2299
2659
2261
2300
2660
2262
2301
2661
2263
2302
2662
2264
2303
2663
2265
2304
2664
2266
2305
2665
2267
2306
2666
2268
2307
2667
2269
2308
2668
2270
2309
2669
2271
2310
2670
2272
2311
2671
2273
2312
2672
2274
2313
2673
2275
2314
2674
2276
2315
2675
2277
2316
2676
2278
2317
2677
2279
2318
2678
2319
2679
5310
2281
2320
2680
2282
2321
2681
2283
2322
2682
2284
2323
2683
2285
2324
2684
2286
2325
2685
2287
2326
2686
2288
2327
2687
2289
2328
2688
2290
2329
2689
2291
2330
2690
2292
2331
2691
2293
2332
2692
2294
2333
2693
2295
2334
2694
2296
2335
2695
2297
2336
2696
2298
2337
2697
2299
2338
2698
2300
2339
2699
2301
2340
2700
2302
2341
2701
2303
2342
2702
2304
2343
2703
2305
2344
2704
2306
2345
2705
2307
2346
2706
2308
2347
2707
2309
2348
2708
2310
2349
2709
2311
2350
2710
2312
2351
2711
2313
2352
2712
2314
2353
2713
2315
2354
2714
2316
2355
2715
2317
2356
2716
2318
2357
2717
2319
2358
2718
2359
2719
5320
2321
2360
2720
2322
2361
2721
2323
2362
2722
2324
2363
2723
2325
2364
2724
2326
2365
2725
2327
2366
2726
2328
2367
2727
2329
2368
2728
2330
2369
2729
2331
2370
2730
2332
2371
2731
2333
2372
2732
2334
2373
2733
2335
2374
2734
2336
2375
2735
2337
2376
2736
2338
2377
2737
2339
2378
2738
2340
2379
2739
2341
2380
2740
2342
2381
2741
2343
2382
2742
2344
2383
2743
2345
2384
2744
2346
2385
2745
2347
2386
2746
2348
2387
2747
2349
2388
2748
2350
2389
2749
2351
2390
2750
2352
2391
2751
2353
2392
2752
2354
2393
2753
2355
2394
2754
2356
2395
2755
2357
2396
2756
2358
2397
2757
2359
2398
2758
2399
2759
5330
2361
2400
2760
2362
2401
2761
2363
2402
2762
2364
2403
2763
2365
2404
2764
2366
2405
2765
2367
2406
2766
2368
2407
2767
2369
2408
2768
2370
2409
2769
2371
2410
2770
2372
2411
2771
2373
2412
2772
2374
2413
2773
2375
2414
2774
2376
2415
2775
2377
2416
2776
2378
2417
2777
2379
2418
2778
2380
2419
2779
2381
2420
2780
2382
2421
2781
2383
2422
2782
2384
2423
2783
2385
2424
2784
2386
2425
2785
2387
2426
2786
2388
2427
2787
2389
2428
2788
2390
2429
2789
2391
2430
2790
2392
2431
2791
2393
2432
2792
2394
2433
2793
2395
2434
2794
2396
2435
2795
2397
2436
2796
2398
2437
2797
2399
2438
2798
2439
2799
5340
2401
2440
2800
2402
2441
2801
2403
2442
2802
2404
2443
2803
2405
2444
2804
2406
2445
2805
2407
2446
2806
2408
2447
2807
2409
2448
2808
2410
2449
2809
2411
2450
2810
2412
2451
2811
2413
2452
2812
2414
2453
2813
2415
2454
2814
2416
2455
2815
2417
2456
2816
2418
2457
2817
2419
2458
2818
2420
2459
2819
2421
2460
2820
2422
2461
2821
2423
2462
2822
2424
2463
2823
2425
2464
2824
2426
2465
2825
2427
2466
2826
2428
2467
2827
2429
2468
2828
2430
2469
2829
2431
2470
2830
2432
2471
2831
2433
2472
2832
2434
2473
2833
2435
2474
2834
2436
2475
2835
2437
2476
2836
2438
2477
2837
2439
2478
2838
2479
2839
5350
2441
2480
2840
2442
2481
2841
2443
2482
2842
2444
2483
2843
2445
2484
2844
2446
2485
2845
2447
2486
2846
2448
2487
2847
2449
2488
2848
2450
2489
2849
2451
2490
2850
2452
2491
2851
2453
2492
2852
2454
2493
2853
2455
2494
2854
2456
2495
2855
2457
2496
2856
2458
2497
2857
2459
2498
2858
2460
2499
2859
2461
2500
2860
2462
2501
2861
2463
2502
2862
2464
2503
2863
2465
2504
2864
2466
2505
2865
2467
2506
2866
2468
2507
2867
2469
2508
2868
2470
2509
2869
2471
2510
2870
2472
2511
2871
2473
2512
2872
2474
2513
2873
2475
2514
2874
2476
2515
2875
2477
2516
2876
2478
2517
2877
2479
2518
2878
2519
2879
5360
2481
2520
2880
2482
2521
2881
2483
2522
2882
2484
2523
2883
2485
2524
2884
2486
2525
2885
2487
2526
2886
2488
2527
2887
2489
2528
2888
2490
2529
2889
2491
2530
2890
2492
2531
2891
2493
2532
2892
2494
2533
2893
2495
2534
2894
2496
2535
2895
2497
2536
2896
2498
2537
2897
2499
2538
2898
2500
2539
2899
2501
2540
2900
2502
2541
2901
2503
2542
2902
2504
2543
2903
2505
2544
2904
2506
2545
2905
2507
2546
2906
2508
2547
2907
2509
2548
2908
2510
2549
2909
2511
2550
2910
2512
2551
2911
2513
2552
2912
2514
2553
2913
2515
2554
2914
2516
2555
2915
2517
2556
2916
2518
2557
2917
2519
2558
2918
2559
2919
5370
2521
2560
2920
2522
2561
2921
2523
2562
2922
2524
2563
2923
2525
2564
2924
2526
2565
2925
2527
2566
2926
2528
2567
2927
2529
2568
2928
2530
2569
2929
2531
2570
2930
2532
2571
2931
2533
2572
2932
2534
2573
2933
2535
2574
2934
2536
2575
2935
2537
2576
2936
2538
2577
2937
2539
2578
2938
2540
2579
2939
2541
2580
2940
2542
2581
2941
2543
2582
2942
2544
2583
2943
2545
2584
2944
2546
2585
2945
2547
2586
2946
2548
2587
2947
2549
2588
2948
2550
2589
2949
2551
2590
2950
2552
2591
2951
2553
2592
2952
2554
2593
2953
2555
2594
2954
2556
2595
2955
2557
2596
2956
2558
2597
2957
2559
2598
2958
2599
2959
5380
2561
2960
2562
2961
2563
2962
2564
2963
2565
2964
2566
2965
2567
2966
2568
2967
2569
2968
2570
2969
2571
2970
2572
2971
2573
2972
2574
2973
2575
2974
2576
2975
2577
2976
2578
2977
2579
2978
2580
2979
2581
2980
2582
2981
2583
2982
2584
2983
2585
2984
2586
2985
2587
2986
2588
2987
2589
2988
2590
2989
2591
2990
2592
2991
2593
2992
2594
2993
2595
2994
2596
2995
2597
2996
2598
2997
2599
2998
2999
5390
2601
2640
3000
2602
2641
3001
2603
2642
3002
2604
2643
3003
2605
2644
3004
2606
2645
3005
2607
2646
3006
2608
2647
3007
2609
2648
3008
2610
2649
3009
2611
2650
3010
2612
2651
3011
2613
2652
3012
2614
2653
3013
2615
2654
3014
2616
2655
3015
2617
2656
3016
2618
2657
3017
2619
2658
3018
2620
2659
3019
2621
2660
3020
2622
2661
3021
2623
2662
3022
2624
2663
3023
2625
2664
3024
2626
2665
3025
2627
2666
3026
2628
2667
3027
2629
2668
3028
2630
2669
3029
2631
2670
3030
2632
2671
3031
2633
2672
3032
2634
2673
3033
2635
2674
3034
2636
2675
3035
2637
2676
3036
2638
2677
3037
2639
2678
3038
2679
3039
5400
2641
2680
3040
2642
2681
3041
2643
2682
3042
2644
2683
3043
2645
2684
3044
2646
2685
3045
2647
2686
3046
2648
2687
3047
2649
2688
3048
2650
2689
3049
2651
2690
3050
2652
2691
3051
2653
2692
3052
2654
2693
3053
2655
2694
3054
2656
2695
3055
2657
2696
3056
2658
2697
3057
2659
2698
3058
2660
2699
3059
2661
2700
3060
2662
2701
3061
2663
2702
3062
2664
2703
3063
2665
2704
3064
2666
2705
3065
2667
2706
3066
2668
2707
3067
2669
2708
3068
2670
2709
3069
2671
2710
3070
2672
2711
3071
2673
2712
3072
2674
2713
3073
2675
2714
3074
2676
2715
3075
2677
2716
3076
2678
2717
3077
2679
2718
3078
2719
3079
5410
2681
2720
3080
2682
2721
3081
2683
2722
3082
2684
2723
3083
2685
2724
3084
2686
2725
3085
2687
2726
3086
2688
2727
3087
2689
2728
3088
2690
2729
3089
2691
2730
3090
2692
2731
3091
2693
2732
3092
2694
2733
3093
2695
2734
3094
2696
2735
3095
2697
2736
3096
2698
2737
3097
2699
2738
3098
2700
2739
3099
2701
2740
3100
2702
2741
3101
2703
2742
3102
2704
2743
3103
2705
2744
3104
2706
2745
3105
2707
2746
3106
2708
2747
3107
2709
2748
3108
2710
2749
3109
2711
2750
3110
2712
2751
3111
2713
2752
3112
2714
2753
3113
2715
2754
3114
2716
2755
3115
2717
2756
3116
2718
2757
3117
2719
2758
3118
2759
3119
5420
2721
2760
3120
2722
2761
3121
2723
2762
3122
2724
2763
3123
2725
2764
3124
2726
2765
3125
2727
2766
3126
2728
2767
3127
2729
2768
3128
2730
2769
3129
2731
2770
3130
2732
2771
3131
2733
2772
3132
2734
2773
3133
2735
2774
3134
2736
2775
3135
2737
2776
3136
2738
2777
3137
2739
2778
3138
2740
2779
3139
2741
2780
3140
2742
2781
3141
2743
2782
3142
2744
2783
3143
2745
2784
3144
2746
2785
3145
2747
2786
3146
2748
2787
3147
2749
2788
3148
2750
2789
3149
2751
2790
3150
2752
2791
3151
2753
2792
3152
2754
2793
3153
2755
2794
3154
2756
2795
3155
2757
2796
3156
2758
2797
3157
2759
2798
3158
2799
3159
5430
2761
2800
3160
2762
2801
3161
2763
2802
3162
2764
2803
3163
2765
2804
3164
2766
2805
3165
2767
2806
3166
2768
2807
3167
2769
2808
3168
2770
2809
3169
2771
2810
3170
2772
2811
3171
2773
2812
3172
2774
2813
3173
2775
2814
3174
2776
2815
3175
2777
2816
3176
2778
2817
3177
2779
2818
3178
2780
2819
3179
2781
2820
3180
2782
2821
3181
2783
2822
3182
2784
2823
3183
2785
2824
3184
2786
2825
3185
2787
2826
3186
2788
2827
3187
2789
2828
3188
2790
2829
3189
2791
2830
3190
2792
2831
3191
2793
2832
3192
2794
2833
3193
2795
2834
3194
2796
2835
3195
2797
2836
3196
2798
2837
3197
2799
2838
3198
2839
3199
5440
2801
2840
3200
2802
2841
3201
2803
2842
3202
2804
2843
3203
2805
2844
3204
2806
2845
3205
2807
2846
3206
2808
2847
3207
2809
2848
3208
2810
2849
3209
2811
2850
3210
2812
2851
3211
2813
2852
3212
2814
2853
3213
2815
2854
3214
2816
2855
3215
2817
2856
3216
2818
2857
3217
2819
2858
3218
2820
2859
3219
2821
2860
3220
2822
2861
3221
2823
2862
3222
2824
2863
3223
2825
2864
3224
2826
2865
3225
2827
2866
3226
2828
2867
3227
2829
2868
3228
2830
2869
3229
2831
2870
3230
2832
2871
3231
2833
2872
3232
2834
2873
3233
2835
2874
3234
2836
2875
3235
2837
2876
3236
2838
2877
3237
2839
2878
3238
2879
3239
5450
2841
2880
3240
2842
2881
3241
2843
2882
3242
2844
2883
3243
2845
2884
3244
2846
2885
3245
2847
2886
3246
2848
2887
3247
2849
2888
3248
2850
2889
3249
2851
2890
3250
2852
2891
3251
2853
2892
3252
2854
2893
3253
2855
2894
3254
2856
2895
3255
2857
2896
3256
2858
2897
3257
2859
2898
3258
2860
2899
3259
2861
2900
3260
2862
2901
3261
2863
2902
3262
2864
2903
3263
2865
2904
3264
2866
2905
3265
2867
2906
3266
2868
2907
3267
2869
2908
3268
2870
2909
3269
2871
2910
3270
2872
2911
3271
2873
2912
3272
2874
2913
3273
2875
2914
3274
2876
2915
3275
2877
2916
3276
2878
2917
3277
2879
2918
3278
2919
3279
5460
2881
2920
3280
2882
2921
3281
2883
2922
3282
2884
2923
3283
2885
2924
3284
2886
2925
3285
2887
2926
3286
2888
2927
3287
2889
2928
3288
2890
2929
3289
2891
2930
3290
2892
2931
3291
2893
2932
3292
2894
2933
3293
2895
2934
3294
2896
2935
3295
2897
2936
3296
2898
2937
3297
2899
2938
3298
2900
2939
3299
2901
2940
3300
2902
2941
3301
2903
2942
3302
2904
2943
3303
2905
2944
3304
2906
2945
3305
2907
2946
3306
2908
2947
3307
2909
2948
3308
2910
2949
3309
2911
2950
3310
2912
2951
3311
2913
2952
3312
2914
2953
3313
2915
2954
3314
2916
2955
3315
2917
2956
3316
2918
2957
3317
2919
2958
3318
2959
3319
5470
2921
2960
3320
2922
2961
3321
2923
2962
3322
2924
2963
3323
2925
2964
3324
2926
2965
3325
2927
2966
3326
2928
2967
3327
2929
2968
3328
2930
2969
3329
2931
2970
3330
2932
2971
3331
2933
2972
3332
2934
2973
3333
2935
2974
3334
2936
2975
3335
2937
2976
3336
2938
2977
3337
2939
2978
3338
2940
2979
3339
2941
2980
3340
2942
2981
3341
2943
2982
3342
2944
2983
3343
2945
2984
3344
2946
2985
3345
2947
2986
3346
2948
2987
3347
2949
2988
3348
2950
2989
3349
2951
2990
3350
2952
2991
3351
2953
2992
3352
2954
2993
3353
2955
2994
3354
2956
2995
3355
2957
2996
3356
2958
2997
3357
2959
2998
3358
2999
3359
5480
2961
3360
2962
3361
2963
3362
2964
3363
2965
3364
2966
3365
2967
3366
2968
3367
2969
3368
2970
3369
2971
3370
2972
3371
2973
3372
2974
3373
2975
3374
2976
3375
2977
3376
2978
3377
2979
3378
2980
3379
2981
3380
2982
3381
2983
3382
2984
3383
2985
3384
2986
3385
2987
3386
2988
3387
2989
3388
2990
3389
2991
3390
2992
3391
2993
3392
2994
3393
2995
3394
2996
3395
2997
3396
2998
3397
2999
3398
3399
5490
3001
3040
3400
3002
3041
3401
3003
3042
3402
3004
3043
3403
3005
3044
3404
3006
3045
3405
3007
3046
3406
3008
3047
3407
3009
3048
3408
3010
3049
3409
3011
3050
3410
3012
3051
3411
3013
3052
3412
3014
3053
3413
3015
3054
3414
3016
3055
3415
3017
3056
3416
3018
3057
3417
3019
3058
3418
3020
3059
3419
3021
3060
3420
3022
3061
3421
3023
3062
3422
3024
3063
3423
3025
3064
3424
3026
3065
3425
3027
3066
3426
3028
3067
3427
3029
3068
3428
3030
3069
3429
3031
3070
3430
3032
3071
3431
3033
3072
3432
3034
3073
3433
3035
3074
3434
3036
3075
3435
3037
3076
3436
3038
3077
3437
3039
3078
3438
3079
3439
5500
3041
3080
3440
3042
3081
3441
3043
3082
3442
3044
3083
3443
3045
3084
3444
3046
3085
3445
3047
3086
3446
3048
3087
3447
3049
3088
3448
3050
3089
3449
3051
3090
3450
3052
3091
3451
3053
3092
3452
3054
3093
3453
3055
3094
3454
3056
3095
3455
3057
3096
3456
3058
3097
3457
3059
3098
3458
3060
3099
3459
3061
3100
3460
3062
3101
3461
3063
3102
3462
3064
3103
3463
3065
3104
3464
3066
3105
3465
3067
3106
3466
3068
3107
3467
3069
3108
3468
3070
3109
3469
3071
3110
3470
3072
3111
3471
3073
3112
3472
3074
3113
3473
3075
3114
3474
3076
3115
3475
3077
3116
3476
3078
3117
3477
3079
3118
3478
3119
3479
5510
3081
3120
3480
3082
3121
3481
3083
3122
3482
3084
3123
3483
3085
3124
3484
3086
3125
3485
3087
3126
3486
3088
3127
3487
3089
3128
3488
3090
3129
3489
3091
3130
3490
3092
3131
3491
3093
3132
3492
3094
3133
3493
3095
3134
3494
3096
3135
3495
3097
3136
3496
3098
3137
3497
3099
3138
3498
3100
3139
3499
3101
3140
3500
3102
3141
3501
3103
3142
3502
3104
3143
3503
3105
3144
3504
3106
3145
3505
3107
3146
3506
3108
3147
3507
3109
3148
3508
3110
3149
3509
3111
3150
3510
3112
3151
3511
3113
3152
3512
3114
3153
3513
3115
3154
3514
3116
3155
3515
3117
3156
3516
3118
3157
3517
3119
3158
3518
3159
3519
5520
3121
3160
3520
3122
3161
3521
3123
3162
3522
3124
3163
3523
3125
3164
3524
3126
3165
3525
3127
3166
3526
3128
3167
3527
3129
3168
3528
3130
3169
3529
3131
3170
3530
3132
3171
3531
3133
3172
3532
3134
3173
3533
3135
3174
3534
3136
3175
3535
3137
3176
3536
3138
3177
3537
3139
3178
3538
3140
3179
3539
3141
3180
3540
3142
3181
3541
3143
3182
3542
3144
3183
3543
3145
3184
3544
3146
3185
3545
3147
3186
3546
3148
3187
3547
3149
3188
3548
3150
3189
3549
3151
3190
3550
3152
3191
3551
3153
3192
3552
3154
3193
3553
3155
3194
3554
3156
3195
3555
3157
3196
3556
3158
3197
3557
3159
3198
3558
3199
3559
5530
3161
3200
3560
3162
3201
3561
3163
3202
3562
3164
3203
3563
3165
3204
3564
3166
3205
3565
3167
3206
3566
3168
3207
3567
3169
3208
3568
3170
3209
3569
3171
3210
3570
3172
3211
3571
3173
3212
3572
3174
3213
3573
3175
3214
3574
3176
3215
3575
3177
3216
3576
3178
3217
3577
3179
3218
3578
3180
3219
3579
3181
3220
3580
3182
3221
3581
3183
3222
3582
3184
3223
3583
3185
3224
3584
3186
3225
3585
3187
3226
3586
3188
3227
3587
3189
3228
3588
3190
3229
3589
3191
3230
3590
3192
3231
3591
3193
3232
3592
3194
3233
3593
3195
3234
3594
3196
3235
3595
3197
3236
3596
3198
3237
3597
3199
3238
3598
3239
3599
5540
3201
3240
3600
3202
3241
3601
3203
3242
3602
3204
3243
3603
3205
3244
3604
3206
3245
3605
3207
3246
3606
3208
3247
3607
3209
3248
3608
3210
3249
3609
3211
3250
3610
3212
3251
3611
3213
3252
3612
3214
3253
3613
3215
3254
3614
3216
3255
3615
3217
3256
3616
3218
3257
3617
3219
3258
3618
3220
3259
3619
3221
3260
3620
3222
3261
3621
3223
3262
3622
3224
3263
3623
3225
3264
3624
3226
3265
3625
3227
3266
3626
3228
3267
3627
3229
3268
3628
3230
3269
3629
3231
3270
3630
3232
3271
3631
3233
3272
3632
3234
3273
3633
3235
3274
3634
3236
3275
3635
3237
3276
3636
3238
3277
3637
3239
3278
3638
3279
3639
5550
3241
3280
3640
3242
3281
3641
3243
3282
3642
3244
3283
3643
3245
3284
3644
3246
3285
3645
3247
3286
3646
3248
3287
3647
3249
3288
3648
3250
3289
3649
3251
3290
3650
3252
3291
3651
3253
3292
3652
3254
3293
3653
3255
3294
3654
3256
3295
3655
3257
3296
3656
3258
3297
3657
3259
3298
3658
3260
3299
3659
3261
3300
3660
3262
3301
3661
3263
3302
3662
3264
3303
3663
3265
3304
3664
3266
3305
3665
3267
3306
3666
3268
3307
3667
3269
3308
3668
3270
3309
3669
3271
3310
3670
3272
3311
3671
3273
3312
3672
3274
3313
3673
3275
3314
3674
3276
3315
3675
3277
3316
3676
3278
3317
3677
3279
3318
3678
3319
3679
5560
3281
3320
3680
3282
3321
3681
3283
3322
3682
3284
3323
3683
3285
3324
3684
3286
3325
3685
3287
3326
3686
3288
3327
3687
3289
3328
3688
3290
3329
3689
3291
3330
3690
3292
3331
3691
3293
3332
3692
3294
3333
3693
3295
3334
3694
3296
3335
3695
3297
3336
3696
3298
3337
3697
3299
3338
3698
3300
3339
3699
3301
3340
3700
3302
3341
3701
3303
3342
3702
3304
3343
3703
3305
3344
3704
3306
3345
3705
3307
3346
3706
3308
3347
3707
3309
3348
3708
3310
3349
3709
3311
3350
3710
3312
3351
3711
3313
3352
3712
3314
3353
3713
3315
3354
3714
3316
3355
3715
3317
3356
3716
3318
3357
3717
3319
3358
3718
3359
3719
5570
3321
3360
3720
3322
3361
3721
3323
3362
3722
3324
3363
3723
3325
3364
3724
3326
3365
3725
3327
3366
3726
3328
3367
3727
3329
3368
3728
3330
3369
3729
3331
3370
3730
3332
3371
3731
3333
3372
3732
3334
3373
3733
3335
3374
3734
3336
3375
3735
3337
3376
3736
3338
3377
3737
3339
3378
3738
3340
3379
3739
3341
3380
3740
3342
3381
3741
3343
3382
3742
3344
3383
3743
3345
3384
3744
3346
3385
3745
3347
3386
3746
3348
3387
3747
3349
3388
3748
3350
3389
3749
3351
3390
3750
3352
3391
3751
3353
3392
3752
3354
3393
3753
3355
3394
3754
3356
3395
3755
3357
3396
3756
3358
3397
3757
3359
3398
3758
3399
3759
5580
3361
3760
3362
3761
3363
3762
3364
3763
3365
3764
3366
3765
3367
3766
3368
3767
3369
3768
3370
3769
3371
3770
3372
3771
3373
3772
3374
3773
3375
3774
3376
3775
3377
3776
3378
3777
3379
3778
3380
3779
3381
3780
3382
3781
3383
3782
3384
3783
3385
3784
3386
3785
3387
3786
3388
3787
3389
3788
3390
3789
3391
3790
3392
3791
3393
3792
3394
3793
3395
3794
3396
3795
3397
3796
3398
3797
3399
3798
3799
5590
3401
3440
3800
3402
3441
3801
3403
3442
3802
3404
3443
3803
3405
3444
3804
3406
3445
3805
3407
3446
3806
3408
3447
3807
3409
3448
3808
3410
3449
3809
3411
3450
3810
3412
3451
3811
3413
3452
3812
3414
3453
3813
3415
3454
3814
3416
3455
3815
3417
3456
3816
3418
3457
3817
3419
3458
3818
3420
3459
3819
3421
3460
3820
3422
3461
3821
3423
3462
3822
3424
3463
3823
3425
3464
3824
3426
3465
3825
3427
3466
3826
3428
3467
3827
3429
3468
3828
3430
3469
3829
3431
3470
3830
3432
3471
3831
3433
3472
3832
3434
3473
3833
3435
3474
3834
3436
3475
3835
3437
3476
3836
3438
3477
3837
3439
3478
3838
3479
3839
5600
3441
3480
3840
3442
3481
3841
3443
3482
3842
3444
3483
3843
3445
3484
3844
3446
3485
3845
3447
3486
3846
3448
3487
3847
3449
3488
3848
3450
3489
3849
3451
3490
3850
3452
3491
3851
3453
3492
3852
3454
3493
3853
3455
3494
3854
3456
3495
3855
3457
3496
3856
3458
3497
3857
3459
3498
3858
3460
3499
3859
3461
3500
3860
3462
3501
3861
3463
3502
3862
3464
3503
3863
3465
3504
3864
3466
3505
3865
3467
3506
3866
3468
3507
3867
3469
3508
3868
3470
3509
3869
3471
3510
3870
3472
3511
3871
3473
3512
3872
3474
3513
3873
3475
3514
3874
3476
3515
3875
3477
3516
3876
3478
3517
3877
3479
3518
3878
3519
3879
5610
3481
3520
3880
3482
3521
3881
3483
3522
3882
3484
3523
3883
3485
3524
3884
3486
3525
3885
3487
3526
3886
3488
3527
3887
3489
3528
3888
3490
3529
3889
3491
3530
3890
3492
3531
3891
3493
3532
3892
3494
3533
3893
3495
3534
3894
3496
3535
3895
3497
3536
3896
3498
3537
3897
3499
3538
3898
3500
3539
3899
3501
3540
3900
3502
3541
3901
3503
3542
3902
3504
3543
3903
3505
3544
3904
3506
3545
3905
3507
3546
3906
3508
3547
3907
3509
3548
3908
3510
3549
3909
3511
3550
3910
3512
3551
3911
3513
3552
3912
3514
3553
3913
3515
3554
3914
3516
3555
3915
3517
3556
3916
3518
3557
3917
3519
3558
3918
3559
3919
5620
3521
3560
3920
3522
3561
3921
3523
3562
3922
3524
3563
3923
3525
3564
3924
3526
3565
3925
3527
3566
3926
3528
3567
3927
3529
3568
3928
3530
3569
3929
3531
3570
3930
3532
3571
3931
3533
3572
3932
3534
3573
3933
3535
3574
3934
3536
3575
3935
3537
3576
3936
3538
3577
3937
3539
3578
3938
3540
3579
3939
3541
3580
3940
3542
3581
3941
3543
3582
3942
3544
3583
3943
3545
3584
3944
3546
3585
3945
3547
3586
3946
3548
3587
3947
3549
3588
3948
3550
3589
3949
3551
3590
3950
3552
3591
3951
3553
3592
3952
3554
3593
3953
3555
3594
3954
3556
3595
3955
3557
3596
3956
3558
3597
3957
3559
3598
3958
3599
3959
5630
3561
3600
3960
3562
3601
3961
3563
3602
3962
3564
3603
3963
3565
3604
3964
3566
3605
3965
3567
3606
3966
3568
3607
3967
3569
3608
3968
3570
3609
3969
3571
3610
3970
3572
3611
3971
3573
3612
3972
3574
3613
3973
3575
3614
3974
3576
3615
3975
3577
3616
3976
3578
3617
3977
3579
3618
3978
3580
3619
3979
3581
3620
3980
3582
3621
3981
3583
3622
3982
3584
3623
3983
3585
3624
3984
3586
3625
3985
3587
3626
3986
3588
3627
3987
3589
3628
3988
3590
3629
3989
3591
3630
3990
3592
3631
3991
3593
3632
3992
3594
3633
3993
3595
3634
3994
3596
3635
3995
3597
3636
3996
3598
3637
3997
3599
3638
3998
3639
3999
5640
3601
3640
4000
3602
3641
4001
3603
3642
4002
3604
3643
4003
3605
3644
4004
3606
3645
4005
3607
3646
4006
3608
3647
4007
3609
3648
4008
3610
3649
4009
3611
3650
4010
3612
3651
4011
3613
3652
4012
3614
3653
4013
3615
3654
4014
3616
3655
4015
3617
3656
4016
3618
3657
4017
3619
3658
4018
3620
3659
4019
3621
3660
4020
3622
3661
4021
3623
3662
4022
3624
3663
4023
3625
3664
4024
3626
3665
4025
3627
3666
4026
3628
3667
4027
3629
3668
4028
3630
3669
4029
3631
3670
4030
3632
3671
4031
3633
3672
4032
3634
3673
4033
3635
3674
4034
3636
3675
4035
3637
3676
4036
3638
3677
4037
3639
3678
4038
3679
4039
5650
3641
3680
4040
3642
3681
4041
3643
3682
4042
3644
3683
4043
3645
3684
4044
3646
3685
4045
3647
3686
4046
3648
3687
4047
3649
3688
4048
3650
3689
4049
3651
3690
4050
3652
3691
4051
3653
3692
4052
3654
3693
4053
3655
3694
4054
3656
3695
4055
3657
3696
4056
3658
3697
4057
3659
3698
4058
3660
3699
4059
3661
3700
4060
3662
3701
4061
3663
3702
4062
3664
3703
4063
3665
3704
4064
3666
3705
4065
3667
3706
4066
3668
3707
4067
3669
3708
4068
3670
3709
4069
3671
3710
4070
3672
3711
4071
3673
3712
4072
3674
3713
4073
3675
3714
4074
3676
3715
4075
3677
3716
4076
3678
3717
4077
3679
3718
4078
3719
4079
5660
3681
3720
4080
3682
3721
4081
3683
3722
4082
3684
3723
4083
3685
3724
4084
3686
3725
4085
3687
3726
4086
3688
3727
4087
3689
3728
4088
3690
3729
4089
3691
3730
4090
3692
3731
4091
3693
3732
4092
3694
3733
4093
3695
3734
4094
3696
3735
4095
3697
3736
4096
3698
3737
4097
3699
3738
4098
3700
3739
4099
3701
3740
4100
3702
3741
4101
3703
3742
4102
3704
3743
4103
3705
3744
4104
3706
3745
4105
3707
3746
4106
3708
3747
4107
3709
3748
4108
3710
3749
4109
3711
3750
4110
3712
3751
4111
3713
3752
4112
3714
3753
4113
3715
3754
4114
3716
3755
4115
3717
3756
4116
3718
3757
4117
3719
3758
4118
3759
4119
5670
3721
3760
4120
3722
3761
4121
3723
3762
4122
3724
3763
4123
3725
3764
4124
3726
3765
4125
3727
3766
4126
3728
3767
4127
3729
3768
4128
3730
3769
4129
3731
3770
4130
3732
3771
4131
3733
3772
4132
3734
3773
4133
3735
3774
4134
3736
3775
4135
3737
3776
4136
3738
3777
4137
3739
3778
4138
3740
3779
4139
3741
3780
4140
3742
3781
4141
3743
3782
4142
3744
3783
4143
3745
3784
4144
3746
3785
4145
3747
3786
4146
3748
3787
4147
3749
3788
4148
3750
3789
4149
3751
3790
4150
3752
3791
4151
3753
3792
4152
3754
3793
4153
3755
3794
4154
3756
3795
4155
3757
3796
4156
3758
3797
4157
3759
3798
4158
3799
4159
5680
3761
4160
3762
4161
3763
4162
3764
4163
3765
4164
3766
4165
3767
4166
3768
4167
3769
4168
3770
4169
3771
4170
3772
4171
3773
4172
3774
4173
3775
4174
3776
4175
3777
4176
3778
4177
3779
4178
3780
4179
3781
4180
3782
4181
3783
4182
3784
4183
3785
4184
3786
4185
3787
4186
3788
4187
3789
4188
3790
4189
3791
4190
3792
4191
3793
4192
3794
4193
3795
4194
3796
4195
3797
4196
3798
4197
3799
4198
4199
5690
3801
3840
4200
3802
3841
4201
3803
3842
4202
3804
3843
4203
3805
3844
4204
3806
3845
4205
3807
3846
4206
3808
3847
4207
3809
3848
4208
3810
3849
4209
3811
3850
4210
3812
3851
4211
3813
3852
4212
3814
3853
4213
3815
3854
4214
3816
3855
4215
3817
3856
4216
3818
3857
4217
3819
3858
4218
3820
3859
4219
3821
3860
4220
3822
3861
4221
3823
3862
4222
3824
3863
4223
3825
3864
4224
3826
3865
4225
3827
3866
4226
3828
3867
4227
3829
3868
4228
3830
3869
4229
3831
3870
4230
3832
3871
4231
3833
3872
4232
3834
3873
4233
3835
3874
4234
3836
3875
4235
3837
3876
4236
3838
3877
4237
3839
3878
4238
3879
4239
5700
3841
3880
4240
3842
3881
4241
3843
3882
4242
3844
3883
4243
3845
3884
4244
3846
3885
4245
3847
3886
4246
3848
3887
4247
3849
3888
4248
3850
3889
4249
3851
3890
4250
3852
3891
4251
3853
3892
4252
3854
3893
4253
3855
3894
4254
3856
3895
4255
3857
3896
4256
3858
3897
4257
3859
3898
4258
3860
3899
4259
3861
3900
4260
3862
3901
4261
3863
3902
4262
3864
3903
4263
3865
3904
4264
3866
3905
4265
3867
3906
4266
3868
3907
4267
3869
3908
4268
3870
3909
4269
3871
3910
4270
3872
3911
4271
3873
3912
4272
3874
3913
4273
3875
3914
4274
3876
3915
4275
3877
3916
4276
3878
3917
4277
3879
3918
4278
3919
4279
5710
3881
3920
4280
3882
3921
4281
3883
3922
4282
3884
3923
4283
3885
3924
4284
3886
3925
4285
3887
3926
4286
3888
3927
4287
3889
3928
4288
3890
3929
4289
3891
3930
4290
3892
3931
4291
3893
3932
4292
3894
3933
4293
3895
3934
4294
3896
3935
4295
3897
3936
4296
3898
3937
4297
3899
3938
4298
3900
3939
4299
3901
3940
4300
3902
3941
4301
3903
3942
4302
3904
3943
4303
3905
3944
4304
3906
3945
4305
3907
3946
4306
3908
3947
4307
3909
3948
4308
3910
3949
4309
3911
3950
4310
3912
3951
4311
3913
3952
4312
3914
3953
4313
3915
3954
4314
3916
3955
4315
3917
3956
4316
3918
3957
4317
3919
3958
4318
3959
4319
5720
3921
3960
4320
3922
3961
4321
3923
3962
4322
3924
3963
4323
3925
3964
4324
3926
3965
4325
3927
3966
4326
3928
3967
4327
3929
3968
4328
3930
3969
4329
3931
3970
4330
3932
3971
4331
3933
3972
4332
3934
3973
4333
3935
3974
4334
3936
3975
4335
3937
3976
4336
3938
3977
4337
3939
3978
4338
3940
3979
4339
3941
3980
4340
3942
3981
4341
3943
3982
4342
3944
3983
4343
3945
3984
4344
3946
3985
4345
3947
3986
4346
3948
3987
4347
3949
3988
4348
3950
3989
4349
3951
3990
4350
3952
3991
4351
3953
3992
4352
3954
3993
4353
3955
3994
4354
3956
3995
4355
3957
3996
4356
3958
3997
4357
3959
3998
4358
3999
4359
5730
3961
4000
4360
3962
4001
4361
3963
4002
4362
3964
4003
4363
3965
4004
4364
3966
4005
4365
3967
4006
4366
3968
4007
4367
3969
4008
4368
3970
4009
4369
3971
4010
4370
3972
4011
4371
3973
4012
4372
3974
4013
4373
3975
4014
4374
3976
4015
4375
3977
4016
4376
3978
4017
4377
3979
4018
4378
3980
4019
4379
3981
4020
4380
3982
4021
4381
3983
4022
4382
3984
4023
4383
3985
4024
4384
3986
4025
4385
3987
4026
4386
3988
4027
4387
3989
4028
4388
3990
4029
4389
3991
4030
4390
3992
4031
4391
3993
4032
4392
3994
4033
4393
3995
4034
4394
3996
4035
4395
3997
4036
4396
3998
4037
4397
3999
4038
4398
4039
4399
5740
4001
4040
4400
4002
4041
4401
4003
4042
4402
4004
4043
4403
4005
4044
4404
4006
4045
4405
4007
4046
4406
4008
4047
4407
4009
4048
4408
4010
4049
4409
4011
4050
4410
4012
4051
4411
4013
4052
4412
4014
4053
4413
4015
4054
4414
4016
4055
4415
4017
4056
4416
4018
4057
4417
4019
4058
4418
4020
4059
4419
4021
4060
4420
4022
4061
4421
4023
4062
4422
4024
4063
4423
4025
4064
4424
4026
4065
4425
4027
4066
4426
4028
4067
4427
4029
4068
4428
4030
4069
4429
4031
4070
4430
4032
4071
4431
4033
4072
4432
4034
4073
4433
4035
4074
4434
4036
4075
4435
4037
4076
4436
4038
4077
4437
4039
4078
4438
4079
4439
5750
4041
4080
4440
4042
4081
4441
4043
4082
4442
4044
4083
4443
4045
4084
4444
4046
4085
4445
4047
4086
4446
4048
4087
4447
4049
4088
4448
4050
4089
4449
4051
4090
4450
4052
4091
4451
4053
4092
4452
4054
4093
4453
4055
4094
4454
4056
4095
4455
4057
4096
4456
4058
4097
4457
4059
4098
4458
4060
4099
4459
4061
4100
4460
4062
4101
4461
4063
4102
4462
4064
4103
4463
4065
4104
4464
4066
4105
4465
4067
4106
4466
4068
4107
4467
4069
4108
4468
4070
4109
4469
4071
4110
4470
4072
4111
4471
4073
4112
4472
4074
4113
4473
4075
4114
4474
4076
4115
4475
4077
4116
4476
4078
4117
4477
4079
4118
4478
4119
4479
5760
4081
4120
4480
4082
4121
4481
4083
4122
4482
4084
4123
4483
4085
4124
4484
4086
4125
4485
4087
4126
4486
4088
4127
4487
4089
4128
4488
4090
4129
4489
4091
4130
4490
4092
4131
4491
4093
4132
4492
4094
4133
4493
4095
4134
4494
4096
4135
4495
4097
4136
4496
4098
4137
4497
4099
4138
4498
4100
4139
4499
4101
4140
4500
4102
4141
4501
4103
4142
4502
4104
4143
4503
4105
4144
4504
4106
4145
4505
4107
4146
4506
4108
4147
4507
4109
4148
4508
4110
4149
4509
4111
4150
4510
4112
4151
4511
4113
4152
4512
4114
4153
4513
4115
4154
4514
4116
4155
4515
4117
4156
4516
4118
4157
4517
4119
4158
4518
4159
4519
5770
4121
4160
4520
4122
4161
4521
4123
4162
4522
4124
4163
4523
4125
4164
4524
4126
4165
4525
4127
4166
4526
4128
4167
4527
4129
4168
4528
4130
4169
4529
4131
4170
4530
4132
4171
4531
4133
4172
4532
4134
4173
4533
4135
4174
4534
4136
4175
4535
4137
4176
4536
4138
4177
4537
4139
4178
4538
4140
4179
4539
4141
4180
4540
4142
4181
4541
4143
4182
4542
4144
4183
4543
4145
4184
4544
4146
4185
4545
4147
4186
4546
4148
4187
4547
4149
4188
4548
4150
4189
4549
4151
4190
4550
4152
4191
4551
4153
4192
4552
4154
4193
4553
4155
4194
4554
4156
4195
4555
4157
4196
4556
4158
4197
4557
4159
4198
4558
4199
4559
5780
4161
4560
4162
4561
4163
4562
4164
4563
4165
4564
4166
4565
4167
4566
4168
4567
4169
4568
4170
4569
4171
4570
4172
4571
4173
4572
4174
4573
4175
4574
4176
4575
4177
4576
4178
4577
4179
4578
4180
4579
4181
4580
4182
4581
4183
4582
4184
4583
4185
4584
4186
4585
4187
4586
4188
4587
4189
4588
4190
4589
4191
4590
4192
4591
4193
4592
4194
4593
4195
4594
4196
4595
4197
4596
4198
4597
4199
4598
4599
5790
4201
4240
4600
4202
4241
4601
4203
4242
4602
4204
4243
4603
4205
4244
4604
4206
4245
4605
4207
4246
4606
4208
4247
4607
4209
4248
4608
4210
4249
4609
4211
4250
4610
4212
4251
4611
4213
4252
4612
4214
4253
4613
4215
4254
4614
4216
4255
4615
4217
4256
4616
4218
4257
4617
4219
4258
4618
4220
4259
4619
4221
4260
4620
4222
4261
4621
4223
4262
4622
4224
4263
4623
4225
4264
4624
4226
4265
4625
4227
4266
4626
4228
4267
4627
4229
4268
4628
4230
4269
4629
4231
4270
4630
4232
4271
4631
4233
4272
4632
4234
4273
4633
4235
4274
4634
4236
4275
4635
4237
4276
4636
4238
4277
4637
4239
4278
4638
4279
4639
5800
4241
4280
4640
4242
4281
4641
4243
4282
4642
4244
4283
4643
4245
4284
4644
4246
4285
4645
4247
4286
4646
4248
4287
4647
4249
4288
4648
4250
4289
4649
4251
4290
4650
4252
4291
4651
4253
4292
4652
4254
4293
4653
4255
4294
4654
4256
4295
4655
4257
4296
4656
4258
4297
4657
4259
4298
4658
4260
4299
4659
4261
4300
4660
4262
4301
4661
4263
4302
4662
4264
4303
4663
4265
4304
4664
4266
4305
4665
4267
4306
4666
4268
4307
4667
4269
4308
4668
4270
4309
4669
4271
4310
4670
4272
4311
4671
4273
4312
4672
4274
4313
4673
4275
4314
4674
4276
4315
4675
4277
4316
4676
4278
4317
4677
4279
4318
4678
4319
4679
5810
4281
4320
4680
4282
4321
4681
4283
4322
4682
4284
4323
4683
4285
4324
4684
4286
4325
4685
4287
4326
4686
4288
4327
4687
4289
4328
4688
4290
4329
4689
4291
4330
4690
4292
4331
4691
4293
4332
4692
4294
4333
4693
4295
4334
4694
4296
4335
4695
4297
4336
4696
4298
4337
4697
4299
4338
4698
4300
4339
4699
4301
4340
4700
4302
4341
4701
4303
4342
4702
4304
4343
4703
4305
4344
4704
4306
4345
4705
4307
4346
4706
4308
4347
4707
4309
4348
4708
4310
4349
4709
4311
4350
4710
4312
4351
4711
4313
4352
4712
4314
4353
4713
4315
4354
4714
4316
4355
4715
4317
4356
4716
4318
4357
4717
4319
4358
4718
4359
4719
5820
4321
4360
4720
4322
4361
4721
4323
4362
4722
4324
4363
4723
4325
4364
4724
4326
4365
4725
4327
4366
4726
4328
4367
4727
4329
4368
4728
4330
4369
4729
4331
4370
4730
4332
4371
4731
4333
4372
4732
4334
4373
4733
4335
4374
4734
4336
4375
4735
4337
4376
4736
4338
4377
4737
4339
4378
4738
4340
4379
4739
4341
4380
4740
4342
4381
4741
4343
4382
4742
4344
4383
4743
4345
4384
4744
4346
4385
4745
4347
4386
4746
4348
4387
4747
4349
4388
4748
4350
4389
4749
4351
4390
4750
4352
4391
4751
4353
4392
4752
4354
4393
4753
4355
4394
4754
4356
4395
4755
4357
4396
4756
4358
4397
4757
4359
4398
4758
4399
4759
5830
4361
4400
4760
4362
4401
4761
4363
4402
4762
4364
4403
4763
4365
4404
4764
4366
4405
4765
4367
4406
4766
4368
4407
4767
4369
4408
4768
4370
4409
4769
4371
4410
4770
4372
4411
4771
4373
4412
4772
4374
4413
4773
4375
4414
4774
4376
4415
4775
4377
4416
4776
4378
4417
4777
4379
4418
4778
4380
4419
4779
4381
4420
4780
4382
4421
4781
4383
4422
4782
4384
4423
4783
4385
4424
4784
4386
4425
4785
4387
4426
4786
4388
4427
4787
4389
4428
4788
4390
4429
4789
4391
4430
4790
4392
4431
4791
4393
4432
4792
4394
4433
4793
4395
4434
4794
4396
4435
4795
4397
4436
4796
4398
4437
4797
4399
4438
4798
4439
4799
5840
4401
4440
4800
4402
4441
4801
4403
4442
4802
4404
4443
4803
4405
4444
4804
4406
4445
4805
4407
4446
4806
4408
4447
4807
4409
4448
4808
4410
4449
4809
4411
4450
4810
4412
4451
4811
4413
4452
4812
4414
4453
4813
4415
4454
4814
4416
4455
4815
4417
4456
4816
4418
4457
4817
4419
4458
4818
4420
4459
4819
4421
4460
4820
4422
4461
4821
4423
4462
4822
4424
4463
4823
4425
4464
4824
4426
4465
4825
4427
4466
4826
4428
4467
4827
4429
4468
4828
4430
4469
4829
4431
4470
4830
4432
4471
4831
4433
4472
4832
4434
4473
4833
4435
4474
4834
4436
4475
4835
4437
4476
4836
4438
4477
4837
4439
4478
4838
4479
4839
5850
4441
4480
4840
4442
4481
4841
4443
4482
4842
4444
4483
4843
4445
4484
4844
4446
4485
4845
4447
4486
4846
4448
4487
4847
4449
4488
4848
4450
4489
4849
4451
4490
4850
4452
4491
4851
4453
4492
4852
4454
4493
4853
4455
4494
4854
4456
4495
4855
4457
4496
4856
4458
4497
4857
4459
4498
4858
4460
4499
4859
4461
4500
4860
4462
4501
4861
4463
4502
4862
4464
4503
4863
4465
4504
4864
4466
4505
4865
4467
4506
4866
4468
4507
4867
4469
4508
4868
4470
4509
4869
4471
4510
4870
4472
4511
4871
4473
4512
4872
4474
4513
4873
4475
4514
4874
4476
4515
4875
4477
4516
4876
4478
4517
4877
4479
4518
4878
4519
4879
5860
4481
4520
4880
4482
4521
4881
4483
4522
4882
4484
4523
4883
4485
4524
4884
4486
4525
4885
4487
4526
4886
4488
4527
4887
4489
4528
4888
4490
4529
4889
4491
4530
4890
4492
4531
4891
4493
4532
4892
4494
4533
4893
4495
4534
4894
4496
4535
4895
4497
4536
4896
4498
4537
4897
4499
4538
4898
4500
4539
4899
4501
4540
4900
4502
4541
4901
4503
4542
4902
4504
4543
4903
4505
4544
4904
4506
4545
4905
4507
4546
4906
4508
4547
4907
4509
4548
4908
4510
4549
4909
4511
4550
4910
4512
4551
4911
4513
4552
4912
4514
4553
4913
4515
4554
4914
4516
4555
4915
4517
4556
4916
4518
4557
4917
4519
4558
4918
4559
4919
5870
4521
4560
4920
4522
4561
4921
4523
4562
4922
4524
4563
4923
4525
4564
4924
4526
4565
4925
4527
4566
4926
4528
4567
4927
4529
4568
4928
4530
4569
4929
4531
4570
4930
4532
4571
4931
4533
4572
4932
4534
4573
4933
4535
4574
4934
4536
4575
4935
4537
4576
4936
4538
4577
4937
4539
4578
4938
4540
4579
4939
4541
4580
4940
4542
4581
4941
4543
4582
4942
4544
4583
4943
4545
4584
4944
4546
4585
4945
4547
4586
4946
4548
4587
4947
4549
4588
4948
4550
4589
4949
4551
4590
4950
4552
4591
4951
4553
4592
4952
4554
4593
4953
4555
4594
4954
4556
4595
4955
4557
4596
4956
4558
4597
4957
4559
4598
4958
4599
4959
5880
4561
4960
4562
4961
4563
4962
4564
4963
4565
4964
4566
4965
4567
4966
4568
4967
4569
4968
4570
4969
4571
4970
4572
4971
4573
4972
4574
4973
4575
4974
4576
4975
4577
4976
4578
4977
4579
4978
4580
4979
4581
4980
4582
4981
4583
4982
4584
4983
4585
4984
4586
4985
4587
4986
4588
4987
4589
4988
4590
4989
4591
4990
4592
4991
4593
4992
4594
4993
4595
4994
4596
4995
4597
4996
4598
4997
4599
4998
4999
5890
4601
4640
4602
4641
4603
4642
4604
4643
4605
4644
4606
4645
4607
4646
4608
4647
4609
4648
4610
4649
4611
4650
4612
4651
4613
4652
4614
4653
4615
4654
4616
4655
4617
4656
4618
4657
4619
4658
4620
4659
4621
4660
4622
4661
4623
4662
4624
4663
4625
4664
4626
4665
4627
4666
4628
4667
4629
4668
4630
4669
4631
4670
4632
4671
4633
4672
4634
4673
4635
4674
4636
4675
4637
4676
4638
4677
4639
4678
4679
5900
4641
4680
4642
4681
4643
4682
4644
4683
4645
4684
4646
4685
4647
4686
4648
4687
4649
4688
4650
4689
4651
4690
4652
4691
4653
4692
4654
4693
4655
4694
4656
4695
4657
4696
4658
4697
4659
4698
4660
4699
4661
4700
4662
4701
4663
4702
4664
4703
4665
4704
4666
4705
4667
4706
4668
4707
4669
4708
4670
4709
4671
4710
4672
4711
4673
4712
4674
4713
4675
4714
4676
4715
4677
4716
4678
4717
4679
4718
4719
5910
4681
4720
4682
4721
4683
4722
4684
4723
4685
4724
4686
4725
4687
4726
4688
4727
4689
4728
4690
4729
4691
4730
4692
4731
4693
4732
4694
4733
4695
4734
4696
4735
4697
4736
4698
4737
4699
4738
4700
4739
4701
4740
4702
4741
4703
4742
4704
4743
4705
4744
4706
4745
4707
4746
4708
4747
4709
4748
4710
4749
4711
4750
4712
4751
4713
4752
4714
4753
4715
4754
4716
4755
4717
4756
4718
4757
4719
4758
4759
5920
4721
4760
4722
4761
4723
4762
4724
4763
4725
4764
4726
4765
4727
4766
4728
4767
4729
4768
4730
4769
4731
4770
4732
4771
4733
4772
4734
4773
4735
4774
4736
4775
4737
4776
4738
4777
4739
4778
4740
4779
4741
4780
4742
4781
4743
4782
4744
4783
4745
4784
4746
4785
4747
4786
4748
4787
4749
4788
4750
4789
4751
4790
4752
4791
4753
4792
4754
4793
4755
4794
4756
4795
4757
4796
4758
4797
4759
4798
4799
5930
4761
4800
4762
4801
4763
4802
4764
4803
4765
4804
4766
4805
4767
4806
4768
4807
4769
4808
4770
4809
4771
4810
4772
4811
4773
4812
4774
4813
4775
4814
4776
4815
4777
4816
4778
4817
4779
4818
4780
4819
4781
4820
4782
4821
4783
4822
4784
4823
4785
4824
4786
4825
4787
4826
4788
4827
4789
4828
4790
4829
4791
4830
4792
4831
4793
4832
4794
4833
4795
4834
4796
4835
4797
4836
4798
4837
4799
4838
4839
5940
4801
4840
4802
4841
4803
4842
4804
4843
4805
4844
4806
4845
4807
4846
4808
4847
4809
4848
4810
4849
4811
4850
4812
4851
4813
4852
4814
4853
4815
4854
4816
4855
4817
4856
4818
4857
4819
4858
4820
4859
4821
4860
4822
4861
4823
4862
4824
4863
4825
4864
4826
4865
4827
4866
4828
4867
4829
4868
4830
4869
4831
4870
4832
4871
4833
4872
4834
4873
4835
4874
4836
4875
4837
4876
4838
4877
4839
4878
4879
5950
4841
4880
4842
4881
4843
4882
4844
4883
4845
4884
4846
4885
4847
4886
4848
4887
4849
4888
4850
4889
4851
4890
4852
4891
4853
4892
4854
4893
4855
4894
4856
4895
4857
4896
4858
4897
4859
4898
4860
4899
4861
4900
4862
4901
4863
4902
4864
4903
4865
4904
4866
4905
4867
4906
4868
4907
4869
4908
4870
4909
4871
4910
4872
4911
4873
4912
4874
4913
4875
4914
4876
4915
4877
4916
4878
4917
4879
4918
4919
5960
4881
4920
4882
4921
4883
4922
4884
4923
4885
4924
4886
4925
4887
4926
4888
4927
4889
4928
4890
4929
4891
4930
4892
4931
4893
4932
4894
4933
4895
4934
4896
4935
4897
4936
4898
4937
4899
4938
4900
4939
4901
4940
4902
4941
4903
4942
4904
4943
4905
4944
4906
4945
4907
4946
4908
4947
4909
4948
4910
4949
4911
4950
4912
4951
4913
4952
4914
4953
4915
4954
4916
4955
4917
4956
4918
4957
4919
4958
4959
5970
4921
4960
4922
4961
4923
4962
4924
4963
4925
4964
4926
4965
4927
4966
4928
4967
4929
4968
4930
4969
4931
4970
4932
4971
4933
4972
4934
4973
4935
4974
4936
4975
4937
4976
4938
4977
4939
4978
4940
4979
4941
4980
4942
4981
4943
4982
4944
4983
4945
4984
4946
4985
4947
4986
4948
4987
4949
4988
4950
4989
4951
4990
4952
4991
4953
4992
4954
4993
4955
4994
4956
4995
4957
4996
4958
4997
4959
4998
4999
5980
4961
4962
4963
4964
4965
4966
4967
4968
4969
4970
4971
4972
4973
4974
4975
4976
4977
4978
4979
4980
4981
4982
4983
4984
4985
4986
4987
4988
4989
4990
4991
4992
4993
4994
4995
4996
4997
4998
4999
5990
5001
5010
5100
5002
5011
5101
5003
5012
5102
5004
5013
5103
5005
5014
5104
5006
5015
5105
5007
5016
5106
5008
5017
5107
5009
5018
5108
5019
5109
5011
5020
5110
5012
5021
5111
5013
5022
5112
5014
5023
5113
5015
5024
5114
5016
5025
5115
5017
5026
5116
5018
5027
5117
5019
5028
5118
5029
5119
5021
5030
5120
5022
5031
5121
5023
5032
5122
5024
5033
5123
5025
5034
5124
5026
5035
5125
5027
5036
5126
5028
5037
5127
5029
5038
5128
5039
5129
5031
5040
5130
5032
5041
5131
5033
5042
5132
5034
5043
5133
5035
5044
5134
5036
5045
5135
5037
5046
5136
5038
5047
5137
5039
5048
5138
5049
5139
5041
5050
5140
5042
5051
5141
5043
5052
5142
5044
5053
5143
5045
5054
5144
5046
5055
5145
5047
5056
5146
5048
5057
5147
5049
5058
5148
5059
5149
5051
5060
5150
5052
5061
5151
5053
5062
5152
5054
5063
5153
5055
5064
5154
5056
5065
5155
5057
5066
5156
5058
5067
5157
5059
5068
5158
5069
5159
5061
5070
5160
5062
5071
5161
5063
5072
5162
5064
5073
5163
5065
5074
5164
5066
5075
5165
5067
5076
5166
5068
5077
5167
5069
5078
5168
5079
5169
5071
5080
5170
5072
5081
5171
5073
5082
5172
5074
5083
5173
5075
5084
5174
5076
5085
5175
5077
5086
5176
5078
5087
5177
5079
5088
5178
5089
5179
5081
5090
5180
5082
5091
5181
5083
5092
5182
5084
5093
5183
5085
5094
5184
5086
5095
5185
5087
5096
5186
5088
5097
5187
5089
5098
5188
5099
5189
5091
5190
5092
5191
5093
5192
5094
5193
5095
5194
5096
5195
5097
5196
5098
5197
5099
5198
5199
5101
5110
5200
5102
5111
5201
5103
5112
5202
5104
5113
5203
5105
5114
5204
5106
5115
5205
5107
5116
5206
5108
5117
5207
5109
5118
5208
5119
5209
5111
5120
5210
5112
5121
5211
5113
5122
5212
5114
5123
5213
5115
5124
5214
5116
5125
5215
5117
5126
5216
5118
5127
5217
5119
5128
5218
5129
5219
5121
5130
5220
5122
5131
5221
5123
5132
5222
5124
5133
5223
5125
5134
5224
5126
5135
5225
5127
5136
5226
5128
5137
5227
5129
5138
5228
5139
5229
5131
5140
5230
5132
5141
5231
5133
5142
5232
5134
5143
5233
5135
5144
5234
5136
5145
5235
5137
5146
5236
5138
5147
5237
5139
5148
5238
5149
5239
5141
5150
5240
5142
5151
5241
5143
5152
5242
5144
5153
5243
5145
5154
5244
5146
5155
5245
5147
5156
5246
5148
5157
5247
5149
5158
5248
5159
5249
5151
5160
5250
5152
5161
5251
5153
5162
5252
5154
5163
5253
5155
5164
5254
5156
5165
5255
5157
5166
5256
5158
5167
5257
5159
5168
5258
5169
5259
5161
5170
5260
5162
5171
5261
5163
5172
5262
5164
5173
5263
5165
5174
5264
5166
5175
5265
5167
5176
5266
5168
5177
5267
5169
5178
5268
5179
5269
5171
5180
5270
5172
5181
5271
5173
5182
5272
5174
5183
5273
5175
5184
5274
5176
5185
5275
5177
5186
5276
5178
5187
5277
5179
5188
5278
5189
5279
5181
5190
5280
5182
5191
5281
5183
5192
5282
5184
5193
5283
5185
5194
5284
5186
5195
5285
5187
5196
5286
5188
5197
5287
5189
5198
5288
5199
5289
5191
5290
5192
5291
5193
5292
5194
5293
5195
5294
5196
5295
5197
5296
5198
5297
5199
5298
5299
5201
5210
5300
5202
5211
5301
5203
5212
5302
5204
5213
5303
5205
5214
5304
5206
5215
5305
5207
5216
5306
5208
5217
5307
5209
5218
5308
5219
5309
5211
5220
5310
5212
5221
5311
5213
5222
5312
5214
5223
5313
5215
5224
5314
5216
5225
5315
5217
5226
5316
5218
5227
5317
5219
5228
5318
5229
5319
5221
5230
5320
5222
5231
5321
5223
5232
5322
5224
5233
5323
5225
5234
5324
5226
5235
5325
5227
5236
5326
5228
5237
5327
5229
5238
5328
5239
5329
5231
5240
5330
5232
5241
5331
5233
5242
5332
5234
5243
5333
5235
5244
5334
5236
5245
5335
5237
5246
5336
5238
5247
5337
5239
5248
5338
5249
5339
5241
5250
5340
5242
5251
5341
5243
5252
5342
5244
5253
5343
5245
5254
5344
5246
5255
5345
5247
5256
5346
5248
5257
5347
5249
5258
5348
5259
5349
5251
5260
5350
5252
5261
5351
5253
5262
5352
5254
5263
5353
5255
5264
5354
5256
5265
5355
5257
5266
5356
5258
5267
5357
5259
5268
5358
5269
5359
5261
5270
5360
5262
5271
5361
5263
5272
5362
5264
5273
5363
5265
5274
5364
5266
5275
5365
5267
5276
5366
5268
5277
5367
5269
5278
5368
5279
5369
5271
5280
5370
5272
5281
5371
5273
5282
5372
5274
5283
5373
5275
5284
5374
5276
5285
5375
5277
5286
5376
5278
5287
5377
5279
5288
5378
5289
5379
5281
5290
5380
5282
5291
5381
5283
5292
5382
5284
5293
5383
5285
5294
5384
5286
5295
5385
5287
5296
5386
5288
5297
5387
5289
5298
5388
5299
5389
5291
5390
5292
5391
5293
5392
5294
5393
5295
5394
5296
5395
5297
5396
5298
5397
5299
5398
5399
5301
5310
5400
5302
5311
5401
5303
5312
5402
5304
5313
5403
5305
5314
5404
5306
5315
5405
5307
5316
5406
5308
5317
5407
5309
5318
5408
5319
5409
5311
5320
5410
5312
5321
5411
5313
5322
5412
5314
5323
5413
5315
5324
5414
5316
5325
5415
5317
5326
5416
5318
5327
5417
5319
5328
5418
5329
5419
5321
5330
5420
5322
5331
5421
5323
5332
5422
5324
5333
5423
5325
5334
5424
5326
5335
5425
5327
5336
5426
5328
5337
5427
5329
5338
5428
5339
5429
5331
5340
5430
5332
5341
5431
5333
5342
5432
5334
5343
5433
5335
5344
5434
5336
5345
5435
5337
5346
5436
5338
5347
5437
5339
5348
5438
5349
5439
5341
5350
5440
5342
5351
5441
5343
5352
5442
5344
5353
5443
5345
5354
5444
5346
5355
5445
5347
5356
5446
5348
5357
5447
5349
5358
5448
5359
5449
5351
5360
5450
5352
5361
5451
5353
5362
5452
5354
5363
5453
5355
5364
5454
5356
5365
5455
5357
5366
5456
5358
5367
5457
5359
5368
5458
5369
5459
5361
5370
5460
5362
5371
5461
5363
5372
5462
5364
5373
5463
5365
5374
5464
5366
5375
5465
5367
5376
5466
5368
5377
5467
5369
5378
5468
5379
5469
5371
5380
5470
5372
5381
5471
5373
5382
5472
5374
5383
5473
5375
5384
5474
5376
5385
5475
5377
5386
5476
5378
5387
5477
5379
5388
5478
5389
5479
5381
5390
5480
5382
5391
5481
5383
5392
5482
5384
5393
5483
5385
5394
5484
5386
5395
5485
5387
5396
5486
5388
5397
5487
5389
5398
5488
5399
5489
5391
5490
5392
5491
5393
5492
5394
5493
5395
5494
5396
5495
5397
5496
5398
5497
5399
5498
5499
5401
5410
5500
5402
5411
5501
5403
5412
5502
5404
5413
5503
5405
5414
5504
5406
5415
5505
5407
5416
5506
5408
5417
5507
5409
5418
5508
5419
5509
5411
5420
5510
5412
5421
5511
5413
5422
5512
5414
5423
5513
5415
5424
5514
5416
5425
5515
5417
5426
5516
5418
5427
5517
5419
5428
5518
5429
5519
5421
5430
5520
5422
5431
5521
5423
5432
5522
5424
5433
5523
5425
5434
5524
5426
5435
5525
5427
5436
5526
5428
5437
5527
5429
5438
5528
5439
5529
5431
5440
5530
5432
5441
5531
5433
5442
5532
5434
5443
5533
5435
5444
5534
5436
5445
5535
5437
5446
5536
5438
5447
5537
5439
5448
5538
5449
5539
5441
5450
5540
5442
5451
5541
5443
5452
5542
5444
5453
5543
5445
5454
5544
5446
5455
5545
5447
5456
5546
5448
5457
5547
5449
5458
5548
5459
5549
5451
5460
5550
5452
5461
5551
5453
5462
5552
5454
5463
5553
5455
5464
5554
5456
5465
5555
5457
5466
5556
5458
5467
5557
5459
5468
5558
5469
5559
5461
5470
5560
5462
5471
5561
5463
5472
5562
5464
5473
5563
5465
5474
5564
5466
5475
5565
5467
5476
5566
5468
5477
5567
5469
5478
5568
5479
5569
5471
5480
5570
5472
5481
5571
5473
5482
5572
5474
5483
5573
5475
5484
5574
5476
5485
5575
5477
5486
5576
5478
5487
5577
5479
5488
5578
5489
5579
5481
5490
5580
5482
5491
5581
5483
5492
5582
5484
5493
5583
5485
5494
5584
5486
5495
5585
5487
5496
5586
5488
5497
5587
5489
5498
5588
5499
5589
5491
5590
5492
5591
5493
5592
5494
5593
5495
5594
5496
5595
5497
5596
5498
5597
5499
5598
5599
5501
5510
5600
5502
5511
5601
5503
5512
5602
5504
5513
5603
5505
5514
5604
5506
5515
5605
5507
5516
5606
5508
5517
5607
5509
5518
5608
5519
5609
5511
5520
5610
5512
5521
5611
5513
5522
5612
5514
5523
5613
5515
5524
5614
5516
5525
5615
5517
5526
5616
5518
5527
5617
5519
5528
5618
5529
5619
5521
5530
5620
5522
5531
5621
5523
5532
5622
5524
5533
5623
5525
5534
5624
5526
5535
5625
5527
5536
5626
5528
5537
5627
5529
5538
5628
5539
5629
5531
5540
5630
5532
5541
5631
5533
5542
5632
5534
5543
5633
5535
5544
5634
5536
5545
5635
5537
5546
5636
5538
5547
5637
5539
5548
5638
5549
5639
5541
5550
5640
5542
5551
5641
5543
5552
5642
5544
5553
5643
5545
5554
5644
5546
5555
5645
5547
5556
5646
5548
5557
5647
5549
5558
5648
5559
5649
5551
5560
5650
5552
5561
5651
5553
5562
5652
5554
5563
5653
5555
5564
5654
5556
5565
5655
5557
5566
5656
5558
5567
5657
5559
5568
5658
5569
5659
5561
5570
5660
5562
5571
5661
5563
5572
5662
5564
5573
5663
5565
5574
5664
5566
5575
5665
5567
5576
5666
5568
5577
5667
5569
5578
5668
5579
5669
5571
5580
5670
5572
5581
5671
5573
5582
5672
5574
5583
5673
5575
5584
5674
5576
5585
5675
5577
5586
5676
5578
5587
5677
5579
5588
5678
5589
5679
5581
5590
5680
5582
5591
5681
5583
5592
5682
5584
5593
5683
5585
5594
5684
5586
5595
5685
5587
5596
5686
5588
5597
5687
5589
5598
5688
5599
5689
5591
5690
5592
5691
5593
5692
5594
5693
5595
5694
5596
5695
5597
5696
5598
5697
5599
5698
5699
5601
5610
5700
5602
5611
5701
5603
5612
5702
5604
5613
5703
5605
5614
5704
5606
5615
5705
5607
5616
5706
5608
5617
5707
5609
5618
5708
5619
5709
5611
5620
5710
5612
5621
5711
5613
5622
5712
5614
5623
5713
5615
5624
5714
5616
5625
5715
5617
5626
5716
5618
5627
5717
5619
5628
5718
5629
5719
5621
5630
5720
5622
5631
5721
5623
5632
5722
5624
5633
5723
5625
5634
5724
5626
5635
5725
5627
5636
5726
5628
5637
5727
5629
5638
5728
5639
5729
5631
5640
5730
5632
5641
5731
5633
5642
5732
5634
5643
5733
5635
5644
5734
5636
5645
5735
5637
5646
5736
5638
5647
5737
5639
5648
5738
5649
5739
5641
5650
5740
5642
5651
5741
5643
5652
5742
5644
5653
5743
5645
5654
5744
5646
5655
5745
5647
5656
5746
5648
5657
5747
5649
5658
5748
5659
5749
5651
5660
5750
5652
5661
5751
5653
5662
5752
5654
5663
5753
5655
5664
5754
5656
5665
5755
5657
5666
5756
5658
5667
5757
5659
5668
5758
5669
5759
5661
5670
5760
5662
5671
5761
5663
5672
5762
5664
5673
5763
5665
5674
5764
5666
5675
5765
5667
5676
5766
5668
5677
5767
5669
5678
5768
5679
5769
5671
5680
5770
5672
5681
5771
5673
5682
5772
5674
5683
5773
5675
5684
5774
5676
5685
5775
5677
5686
5776
5678
5687
5777
5679
5688
5778
5689
5779
5681
5690
5780
5682
5691
5781
5683
5692
5782
5684
5693
5783
5685
5694
5784
5686
5695
5785
5687
5696
5786
5688
5697
5787
5689
5698
5788
5699
5789
5691
5790
5692
5791
5693
5792
5694
5793
5695
5794
5696
5795
5697
5796
5698
5797
5699
5798
5799
5701
5710
5800
5702
5711
5801
5703
5712
5802
5704
5713
5803
5705
5714
5804
5706
5715
5805
5707
5716
5806
5708
5717
5807
5709
5718
5808
5719
5809
5711
5720
5810
5712
5721
5811
5713
5722
5812
5714
5723
5813
5715
5724
5814
5716
5725
5815
5717
5726
5816
5718
5727
5817
5719
5728
5818
5729
5819
5721
5730
5820
5722
5731
5821
5723
5732
5822
5724
5733
5823
5725
5734
5824
5726
5735
5825
5727
5736
5826
5728
5737
5827
5729
5738
5828
5739
5829
5731
5740
5830
5732
5741
5831
5733
5742
5832
5734
5743
5833
5735
5744
5834
5736
5745
5835
5737
5746
5836
5738
5747
5837
5739
5748
5838
5749
5839
5741
5750
5840
5742
5751
5841
5743
5752
5842
5744
5753
5843
5745
5754
5844
5746
5755
5845
5747
5756
5846
5748
5757
5847
5749
5758
5848
5759
5849
5751
5760
5850
5752
5761
5851
5753
5762
5852
5754
5763
5853
5755
5764
5854
5756
5765
5855
5757
5766
5856
5758
5767
5857
5759
5768
5858
5769
5859
5761
5770
5860
5762
5771
5861
5763
5772
5862
5764
5773
5863
5765
5774
5864
5766
5775
5865
5767
5776
5866
5768
5777
5867
5769
5778
5868
5779
5869
5771
5780
5870
5772
5781
5871
5773
5782
5872
5774
5783
5873
5775
5784
5874
5776
5785
5875
5777
5786
5876
5778
5787
5877
5779
5788
5878
5789
5879
5781
5790
5880
5782
5791
5881
5783
5792
5882
5784
5793
5883
5785
5794
5884
5786
5795
5885
5787
5796
5886
5788
5797
5887
5789
5798
5888
5799
5889
5791
5890
5792
5891
5793
5892
5794
5893
5795
5894
5796
5895
5797
5896
5798
5897
5799
5898
5899
5801
5810
5900
5802
5811
5901
5803
5812
5902
5804
5813
5903
5805
5814
5904
5806
5815
5905
5807
5816
5906
5808
5817
5907
5809
5818
5908
5819
5909
5811
5820
5910
5812
5821
5911
5813
5822
5912
5814
5823
5913
5815
5824
5914
5816
5825
5915
5817
5826
5916
5818
5827
5917
5819
5828
5918
5829
5919
5821
5830
5920
5822
5831
5921
5823
5832
5922
5824
5833
5923
5825
5834
5924
5826
5835
5925
5827
5836
5926
5828
5837
5927
5829
5838
5928
5839
5929
5831
5840
5930
5832
5841
5931
5833
5842
5932
5834
5843
5933
5835
5844
5934
5836
5845
5935
5837
5846
5936
5838
5847
5937
5839
5848
5938
5849
5939
5841
5850
5940
5842
5851
5941
5843
5852
5942
5844
5853
5943
5845
5854
5944
5846
5855
5945
5847
5856
5946
5848
5857
5947
5849
5858
5948
5859
5949
5851
5860
5950
5852
5861
5951
5853
5862
5952
5854
5863
5953
5855
5864
5954
5856
5865
5955
5857
5866
5956
5858
5867
5957
5859
5868
5958
5869
5959
5861
5870
5960
5862
5871
5961
5863
5872
5962
5864
5873
5963
5865
5874
5964
5866
5875
5965
5867
5876
5966
5868
5877
5967
5869
5878
5968
5879
5969
5871
5880
5970
5872
5881
5971
5873
5882
5972
5874
5883
5973
5875
5884
5974
5876
5885
5975
5877
5886
5976
5878
5887
5977
5879
5888
5978
5889
5979
5881
5890
5980
5882
5891
5981
5883
5892
5982
5884
5893
5983
5885
5894
5984
5886
5895
5985
5887
5896
5986
5888
5897
5987
5889
5898
5988
5899
5989
5891
5990
5892
5991
5893
5992
5894
5993
5895
5994
5896
5995
5897
5996
5898
5997
5899
5998
5999
5901
5910
5902
5911
5903
5912
5904
5913
5905
5914
5906
5915
5907
5916
5908
5917
5909
5918
5919
5911
5920
5912
5921
5913
5922
5914
5923
5915
5924
5916
5925
5917
5926
5918
5927
5919
5928
5929
5921
5930
5922
5931
5923
5932
5924
5933
5925
5934
5926
5935
5927
5936
5928
5937
5929
5938
5939
5931
5940
5932
5941
5933
5942
5934
5943
5935
5944
5936
5945
5937
5946
5938
5947
5939
5948
5949
5941
5950
5942
5951
5943
5952
5944
5953
5945
5954
5946
5955
5947
5956
5948
5957
5949
5958
5959
5951
5960
5952
5961
5953
5962
5954
5963
5955
5964
5956
5965
5957
5966
5958
5967
5959
5968
5969
5961
5970
5962
5971
5963
5972
5964
5973
5965
5974
5966
5975
5967
5976
5968
5977
5969
5978
5979
5971
5980
5972
5981
5973
5982
5974
5983
5975
5984
5976
5985
5977
5986
5978
5987
5979
5988
5989
5981
5990
5982
5991
5983
5992
5984
5993
5985
5994
5986
5995
5987
5996
5988
5997
5989
5998
5999
5991
5992
5993
5994
5995
5996
5997
5998
5999
)


// ************************************************************************* //
